  220.00   17.00   45.00
  222.00   16.00   45.00
  220.00   16.00   45.00
  220.00   17.00   45.00
  220.00   17.00   45.00
  220.00   17.00   45.00
  220.00   17.00   45.00
  220.00   17.00   45.00
  220.00   17.00   45.00
  220.00   17.00   45.00
  220.00   17.00   45.00
  220.00   17.00   45.00
  220.00   16.00   45.00
  220.00   17.00   45.00
  220.00   17.00   45.00
  220.00   17.00   45.00
  220.00   17.00   45.00
  220.00   17.00   45.00
  220.00   17.00   45.00
  220.00   17.00   45.00
  220.00   17.00   45.00
  220.00   16.00   45.00
  220.00   17.00   45.00
  220.00   17.00   45.00
  220.00   17.00   45.00
  220.00   17.00   45.00
  220.00   17.00   45.00
  220.00   17.00   45.00
  220.00   17.00   45.00
  221.00   16.00   47.00
  221.00   23.00   63.00
  219.00   17.00   49.00
  220.00   17.00   47.00
  232.00   25.00   42.00
  222.00   19.00   36.00
  235.00   10.00   51.00
  229.00    1.00   50.00
  234.00  -24.00   66.00
  197.00  -19.00   69.00
  199.00  -24.00   89.00
  137.00  -10.00   45.00
  232.00   -5.00   93.00
  231.00  -11.00   46.00
  228.00   24.00   48.00
  414.00   39.00   41.00
  511.00  147.00  133.00
   25.00   13.00  -69.00
    6.00    0.00  -57.00
   33.00    4.00  -30.00
   -6.00  -67.00  181.00
   14.00   80.00   83.00
 -179.00  119.00  139.00
 -164.00  104.00  145.00
 -134.00   73.00  105.00
 -140.00   76.00  110.00
 -162.00   68.00   97.00
 -167.00   60.00   88.00
 -141.00   88.00  116.00
  -80.00  170.00  147.00
  -97.00  156.00  152.00
  -34.00  131.00  141.00
  -37.00  156.00  108.00
  -41.00  178.00   88.00
  -31.00  205.00   75.00
   64.00  196.00   52.00
   90.00  171.00  -11.00
   86.00  217.00   23.00
   77.00  205.00  -17.00
   69.00  208.00  -26.00
   53.00  212.00  -29.00
   53.00  206.00  -45.00
    2.00  206.00 -173.00
   32.00  168.00 -190.00
   37.00  184.00 -185.00
   35.00   56.00  -62.00
   39.00   91.00 -112.00
  -54.00  440.00 -455.00
   44.00  511.00 -506.00
   53.00  114.00 -177.00
  -13.00   90.00 -116.00
   46.00  511.00 -483.00
   -6.00  511.00 -506.00
   36.00  360.00 -281.00
   32.00  106.00 -126.00
  -47.00  406.00 -374.00
   18.00  511.00 -505.00
   48.00  237.00 -201.00
   32.00  108.00 -110.00
    9.00  182.00 -172.00
  277.00  311.00 -121.00
  -40.00  232.00 -129.00
   39.00  145.00 -101.00
   50.00  177.00 -107.00
   80.00  204.00 -106.00
   64.00  216.00  -76.00
   56.00  213.00  -80.00
   51.00  188.00  -43.00
  -33.00  185.00   19.00
   25.00  174.00   68.00
   74.00  189.00  143.00
   98.00  132.00  151.00
  164.00    7.00  127.00
  205.00  -15.00  126.00
  198.00  -21.00   99.00
  264.00  -78.00   54.00
  340.00 -130.00   15.00
   40.00  -15.00 -109.00
  -16.00  -21.00  -23.00
   23.00  -20.00   40.00
  -26.00    3.00  -20.00
  186.00   11.00   52.00
  242.00   22.00   20.00
  214.00   31.00   58.00
  208.00   34.00   62.00
  213.00   31.00   59.00
  216.00   30.00   57.00
  216.00   30.00   57.00
  216.00   30.00   56.00
  216.00   30.00   56.00
  216.00   29.00   56.00
  216.00   29.00   56.00
  216.00   29.00   56.00
  215.00   29.00   56.00
  216.00   29.00   56.00
  216.00   29.00   56.00
  216.00   29.00   56.00
  216.00   29.00   56.00
  216.00   29.00   56.00
