  225.00   10.00  -37.00
  225.00   10.00  -37.00
  224.00   10.00  -37.00
  225.00   10.00  -37.00
  225.00   10.00  -37.00
  225.00   10.00  -37.00
  225.00   10.00  -37.00
  225.00    7.00  -43.00
  225.00    9.00  -34.00
  228.00   10.00  -33.00
  226.00   11.00  -31.00
  226.00   12.00  -31.00
  226.00   16.00  -34.00
  226.00   10.00  -30.00
  225.00   19.00  -26.00
  228.00   23.00  -31.00
  225.00   14.00  -29.00
  250.00   26.00  -25.00
  269.00   66.00  -23.00
  277.00   87.00   41.00
  203.00   29.00   63.00
  159.00  -44.00   87.00
  176.00  -92.00   56.00
  196.00 -108.00  -19.00
  209.00  -82.00  -48.00
  190.00  -94.00  -77.00
  174.00 -121.00  -59.00
  163.00 -112.00  -54.00
  171.00 -119.00  -57.00
  174.00 -116.00  -59.00
  153.00 -118.00  -51.00
  166.00 -131.00  -36.00
  185.00 -136.00  -48.00
  179.00 -130.00  -72.00
  164.00 -127.00  -60.00
  164.00 -125.00  -45.00
  176.00 -127.00  -48.00
  170.00 -140.00  -42.00
  161.00 -140.00  -44.00
  152.00 -142.00  -53.00
  152.00 -141.00  -58.00
  171.00 -143.00  -67.00
  157.00 -138.00  -77.00
  170.00 -145.00  -66.00
  163.00 -151.00  -53.00
  148.00 -130.00  -42.00
  160.00 -120.00  -56.00
  187.00 -140.00  -83.00
  168.00 -141.00  -58.00
  143.00 -121.00  -44.00
  155.00 -128.00  -62.00
  164.00 -132.00  -74.00
  179.00 -132.00  -87.00
  178.00 -133.00  -94.00
  149.00 -141.00  -69.00
  150.00 -137.00  -58.00
  176.00 -138.00  -57.00
  163.00 -133.00  -31.00
  194.00 -126.00  -55.00
  195.00 -108.00  -69.00
  121.00  -83.00  -98.00
  154.00  -96.00  -81.00
  172.00  -88.00 -148.00
  194.00  -86.00 -119.00
  133.00  -54.00 -165.00
  239.00  -51.00 -116.00
  219.00  -68.00  -72.00
  194.00  -49.00  -60.00
  187.00  -17.00  -46.00
  235.00    1.00  -11.00
  215.00  -15.00  -20.00
  230.00  -24.00  -12.00
  224.00  -30.00  -10.00
  227.00  -30.00   -8.00
  229.00  -19.00   14.00
  244.00  -32.00    1.00
  232.00  -22.00   -9.00
  229.00   -9.00  -14.00
  238.00  -16.00    9.00
  220.00  -16.00    1.00
  219.00  -11.00    3.00
  212.00   -6.00    3.00
   23.00    8.00  -51.00
   25.00    5.00   -9.00
  -41.00    7.00  126.00
   11.00   -3.00  -12.00
  234.00  -67.00  -19.00
  227.00  -31.00   -2.00
  225.00  -27.00   12.00
  224.00  -25.00   15.00
  224.00  -26.00   14.00
  224.00  -26.00   15.00
  224.00  -26.00   16.00
  224.00  -26.00   17.00
  224.00  -25.00   17.00
  289.00  -39.00   -7.00
  217.00   15.00   41.00
  222.00  -26.00   35.00
  220.00  -97.00  -65.00
  180.00 -137.00  -86.00
  207.00 -126.00  -45.00
  190.00 -110.00  -37.00
  212.00  -85.00  -50.00
  224.00  -50.00  -47.00
  153.00  -88.00 -136.00
   74.00  -69.00 -188.00
   56.00  -84.00 -193.00
   44.00  -84.00 -191.00
   42.00  -86.00 -204.00
   38.00  -88.00 -211.00
   27.00  -70.00 -217.00
    8.00  -81.00 -202.00
  -26.00  -87.00 -196.00
  -31.00  -97.00 -212.00
  -32.00  -90.00 -213.00
  -49.00  -84.00 -193.00
  -62.00  -79.00 -186.00
  -63.00  -84.00 -183.00
  -68.00  -76.00 -161.00
  -77.00  -87.00 -172.00
  -62.00  -87.00 -174.00
  -60.00 -101.00 -184.00
  -54.00 -104.00 -179.00
  -47.00 -107.00 -176.00
  -50.00 -110.00 -174.00
  -50.00 -114.00 -174.00
  -48.00 -112.00 -171.00
  -49.00 -115.00 -173.00
  -46.00 -114.00 -178.00
  -44.00 -117.00 -177.00
  -47.00 -115.00 -169.00
  -41.00 -116.00 -173.00
  -43.00 -115.00 -174.00
  -44.00 -115.00 -172.00
  -43.00 -118.00 -179.00
  -44.00 -118.00 -172.00
  -40.00 -114.00 -170.00
   38.00  -53.00  -61.00
    6.00   -2.00  -38.00
   33.00   -4.00    8.00
  -15.00  -77.00  -62.00
   70.00    7.00  -42.00
  145.00 -120.00  -67.00
  232.00  -61.00 -105.00
  133.00   38.00   75.00
  216.00    9.00   51.00
  221.00    8.00   46.00
  220.00   10.00   48.00
  220.00    9.00   48.00
  220.00    9.00   48.00
  220.00    9.00   48.00
  220.00    9.00   48.00
  220.00    9.00   48.00
  220.00   11.00   49.00
  220.00   11.00   49.00
  220.00   11.00   49.00
  216.00   12.00   49.00
  233.00   20.00   39.00
  218.00   29.00   51.00
  216.00   32.00   54.00
  216.00   34.00   54.00
  217.00   28.00   53.00
  218.00   21.00   50.00
  217.00   27.00   53.00
  216.00   38.00   49.00
  202.00   21.00  105.00
  200.00   11.00  100.00
  219.00  -40.00  140.00
  211.00   30.00  157.00
  144.00   25.00  179.00
  140.00   32.00  173.00
   97.00   42.00  209.00
   81.00   51.00  203.00
   68.00   52.00  189.00
   25.00   61.00  190.00
   12.00   61.00  188.00
  -11.00   63.00  186.00
  -18.00   89.00  173.00
  -11.00   99.00  165.00
  -10.00   99.00  174.00
   -7.00   89.00  175.00
  -33.00   86.00  178.00
  -21.00   94.00  193.00
  -19.00   91.00  184.00
  -22.00   90.00  184.00
  -23.00   92.00  187.00
  -22.00   90.00  182.00
  -25.00   90.00  186.00
  -20.00   91.00  189.00
  -19.00   91.00  189.00
  -18.00   90.00  187.00
  -20.00   88.00  183.00
  -16.00   90.00  188.00
  -18.00   91.00  186.00
  -20.00   90.00  180.00
  -19.00   95.00  188.00
  -15.00   93.00  185.00
   -5.00   99.00  168.00
   22.00    3.00  -16.00
   18.00   -6.00   32.00
   75.00  -14.00   -7.00
  164.00 -116.00  -53.00
  205.00   65.00  127.00
  211.00    4.00   55.00
  215.00   17.00   62.00
  215.00   18.00   63.00
  215.00   18.00   64.00
  215.00   18.00   64.00
  215.00   18.00   64.00
  215.00   18.00   64.00
  215.00   18.00   64.00
  215.00   18.00   64.00
  215.00   18.00   64.00
  215.00   18.00   64.00
  215.00   18.00   64.00
  214.00   18.00   64.00
  214.00   18.00   64.00
  215.00   19.00   64.00
  215.00   19.00   64.00
  214.00   18.00   64.00
  215.00   19.00   64.00
  215.00   18.00   64.00
  215.00   19.00   65.00
  216.00   19.00   65.00
  215.00   19.00   65.00
  215.00   19.00   64.00
  215.00   19.00   65.00
  215.00   19.00   64.00
  216.00   19.00   65.00
  214.00   19.00   64.00
  215.00   19.00   65.00
  215.00   19.00   65.00
  215.00   19.00   65.00
  215.00   19.00   65.00
  215.00   19.00   65.00
  213.00   19.00   65.00
  215.00   20.00   65.00
  215.00   19.00   65.00
  216.00   19.00   65.00
  214.00   19.00   65.00
  214.00   19.00   65.00
  217.00    2.00   98.00
  220.00   40.00   94.00
  225.00   40.00   58.00
  202.00   17.00   40.00
  177.00   44.00   75.00
  148.00   27.00  109.00
  209.00   22.00  132.00
  192.00   56.00  157.00
   90.00   83.00  182.00
   85.00   50.00  178.00
   77.00   68.00  194.00
    9.00   44.00  179.00
  -48.00   32.00  185.00
  -32.00   31.00  181.00
  -66.00   36.00  161.00
  -54.00   53.00  166.00
  -42.00   59.00  171.00
  -48.00   52.00  197.00
  -49.00   55.00  191.00
  -52.00   58.00  191.00
  -48.00   59.00  191.00
  -37.00   61.00  187.00
  -55.00   48.00  193.00
  -67.00   51.00  188.00
  -70.00   51.00  180.00
 -173.00    7.00  132.00
 -152.00   13.00  128.00
 -146.00   10.00  113.00
 -163.00    6.00  115.00
 -168.00    4.00  109.00
 -158.00    3.00  108.00
 -165.00    3.00  108.00
 -143.00   23.00   44.00
   34.00    4.00  -15.00
  -10.00  -15.00  105.00
   90.00  -45.00  -29.00
  202.00  -20.00  -82.00
  192.00   70.00   91.00
  221.00   27.00   39.00
  223.00   26.00   39.00
  220.00   28.00   40.00
  220.00   28.00   41.00
  220.00   28.00   41.00
  220.00   29.00   41.00
  220.00   28.00   40.00
  220.00   28.00   41.00
  220.00   28.00   41.00
  220.00   28.00   40.00
  220.00   28.00   41.00
  220.00   28.00   41.00
  220.00   28.00   40.00
  220.00   28.00   40.00
  221.00   29.00   41.00
  220.00   28.00   41.00
  220.00   28.00   41.00
  213.00   27.00   41.00
  224.00   58.00   29.00
  224.00   31.00   53.00
  229.00  -11.00  157.00
  172.00   53.00  163.00
   53.00  -42.00  172.00
   68.00  -12.00  187.00
   16.00   17.00  212.00
  -32.00   14.00  213.00
  -54.00    9.00  194.00
  -64.00   -9.00  179.00
  -64.00  -14.00  159.00
 -131.00  -51.00  129.00
 -163.00  -68.00  103.00
 -151.00  -66.00   87.00
 -160.00  -65.00   63.00
 -179.00  -59.00   45.00
 -185.00  -59.00   35.00
 -199.00  -57.00   34.00
 -182.00  -52.00   25.00
 -185.00  -45.00   23.00
 -197.00  -43.00   36.00
 -189.00  -43.00   19.00
 -181.00  -40.00   17.00
 -189.00  -43.00   22.00
 -194.00  -44.00   18.00
 -194.00  -41.00   15.00
 -183.00  -39.00   17.00
 -197.00  -39.00   14.00
 -191.00  -39.00   15.00
 -187.00  -37.00   12.00
 -169.00  -37.00    6.00
   35.00    2.00  -30.00
  -11.00  -11.00   76.00
 -157.00   19.00  -71.00
 -165.00   31.00  -98.00
 -182.00   73.00    5.00
 -180.00   75.00    4.00
 -184.00   68.00   -2.00
 -186.00   66.00   -4.00
 -184.00   67.00   -2.00
 -185.00   65.00   -3.00
 -184.00   66.00   -2.00
 -185.00   65.00   -3.00
 -185.00   65.00   -3.00
 -185.00   64.00   -2.00
 -185.00   64.00   -2.00
 -185.00   64.00   -2.00
 -186.00   64.00   -2.00
 -186.00   63.00   -3.00
 -186.00   63.00   -3.00
 -186.00   63.00   -2.00
 -185.00   63.00   -2.00
 -186.00   62.00   -2.00
 -186.00   62.00   -3.00
 -186.00   62.00   -3.00
 -186.00   62.00   -2.00
 -186.00   62.00   -3.00
 -186.00   62.00   -2.00
 -186.00   61.00   -3.00
 -186.00   61.00   -2.00
 -186.00   61.00   -3.00
 -186.00   61.00   -3.00
 -186.00   61.00   -3.00
 -186.00   60.00   -3.00
 -186.00   60.00   -3.00
 -187.00   60.00   -3.00
 -187.00   60.00   -3.00
 -186.00   60.00   -3.00
 -187.00   60.00   -3.00
 -186.00   60.00   -3.00
 -187.00   60.00   -3.00
 -187.00   59.00   -3.00
 -187.00   59.00   -3.00
 -187.00   59.00   -3.00
 -187.00   59.00   -3.00
 -187.00   59.00   -3.00
 -187.00   59.00   -3.00
 -187.00   59.00   -3.00
 -187.00   58.00   -3.00
 -187.00   59.00   -3.00
 -187.00   59.00   -3.00
 -187.00   59.00   -3.00
 -187.00   59.00   -3.00
 -187.00   59.00   -3.00
 -187.00   58.00   -3.00
 -187.00   58.00   -3.00
 -187.00   58.00   -3.00
 -187.00   58.00   -3.00
 -187.00   58.00   -3.00
 -187.00   58.00   -3.00
 -187.00   58.00   -3.00
 -187.00   58.00   -3.00
 -187.00   58.00   -3.00
 -188.00   58.00   -3.00
 -187.00   58.00   -3.00
 -187.00   58.00   -3.00
 -187.00   57.00   -3.00
 -186.00   57.00   -3.00
 -187.00   57.00   -3.00
 -187.00   57.00   -3.00
 -187.00   57.00   -3.00
 -186.00   57.00   -2.00
 -187.00   57.00   -3.00
 -187.00   57.00   -3.00
 -187.00   57.00   -3.00
 -187.00   57.00   -3.00
 -187.00   57.00   -3.00
 -188.00   57.00   -4.00
 -188.00   56.00   -3.00
 -188.00   56.00   -3.00
 -187.00   57.00   -3.00
 -187.00   57.00   -3.00
 -187.00   57.00   -3.00
 -187.00   57.00   -3.00
 -187.00   57.00   -3.00
 -187.00   56.00   -3.00
 -187.00   57.00   -3.00
 -188.00   57.00   -3.00
 -187.00   57.00   -3.00
 -188.00   57.00   -3.00
 -187.00   57.00   -3.00
 -187.00   57.00   -3.00
 -187.00   57.00   -3.00
 -188.00   56.00   -3.00
 -187.00   56.00   -3.00
 -188.00   56.00   -3.00
 -187.00   57.00   -3.00
 -188.00   56.00   -3.00
 -188.00   56.00   -3.00
 -188.00   56.00   -3.00
 -188.00   56.00   -3.00
 -188.00   56.00   -3.00
 -188.00   56.00   -3.00
 -188.00   56.00   -3.00
 -185.00   40.00  -30.00
 -227.00   27.00  -10.00
 -181.00  121.00   -9.00
  -77.00  198.00  -62.00
   64.00  201.00 -120.00
  -10.00  230.00 -120.00
   25.00  197.00 -141.00
   12.00  176.00  -97.00
   -3.00  174.00  -91.00
    7.00  170.00  -85.00
    0.00  172.00  -84.00
   -7.00  184.00  -89.00
    6.00  197.00  -99.00
   -3.00  184.00 -105.00
    1.00  180.00  -95.00
    1.00  184.00  -96.00
  -11.00   19.00    2.00
   16.00  -31.00  -50.00
   -8.00   22.00  -25.00
   44.00   15.00  -34.00
  162.00   66.00   59.00
  221.00   93.00   80.00
  200.00   56.00   82.00
  210.00   43.00   71.00
  206.00   48.00   74.00
  206.00   46.00   73.00
  207.00   46.00   74.00
  207.00   47.00   74.00
  207.00   46.00   73.00
  206.00   47.00   73.00
  207.00   47.00   74.00
  207.00   46.00   74.00
  206.00   46.00   73.00
  207.00   47.00   74.00
  206.00   47.00   73.00
  206.00   47.00   74.00
  207.00   47.00   74.00
  207.00   47.00   74.00
  206.00   46.00   74.00
  206.00   46.00   74.00
  206.00   46.00   74.00
  207.00   47.00   74.00
  207.00   47.00   74.00
  206.00   47.00   74.00
  206.00   47.00   74.00
  207.00   47.00   74.00
  208.00   47.00   74.00
  208.00   47.00   74.00
  207.00   47.00   74.00
  208.00   47.00   74.00
  208.00   47.00   74.00
  208.00   47.00   74.00
  208.00   47.00   74.00
  207.00   47.00   74.00
  207.00   47.00   74.00
  207.00   47.00   74.00
  207.00   47.00   74.00
  207.00   47.00   74.00
  206.00   47.00   74.00
  206.00   47.00   74.00
  208.00   47.00   74.00
  207.00   47.00   74.00
  208.00   47.00   74.00
  207.00   47.00   74.00
  208.00   47.00   74.00
  208.00   47.00   74.00
  207.00   47.00   74.00
  206.00   47.00   74.00
  207.00   47.00   74.00
  207.00   47.00   74.00
  207.00   47.00   74.00
  207.00   47.00   74.00
  208.00   47.00   74.00
  207.00   47.00   74.00
  208.00   47.00   74.00
  207.00   47.00   74.00
  207.00   47.00   74.00
  206.00   47.00   74.00
  207.00   47.00   74.00
  207.00   47.00   74.00
  207.00   47.00   74.00
  207.00   47.00   74.00
  208.00   47.00   74.00
  207.00   47.00   74.00
  206.00   47.00   74.00
  208.00   47.00   74.00
  207.00   47.00   74.00
  208.00   47.00   74.00
  206.00   47.00   74.00
  207.00   47.00   74.00
  207.00   47.00   74.00
  207.00   47.00   74.00
  207.00   47.00   74.00
  207.00   47.00   74.00
  207.00   47.00   74.00
  207.00   47.00   74.00
  208.00   47.00   74.00
  207.00   47.00   74.00
  207.00   47.00   74.00
  207.00   47.00   74.00
  206.00   47.00   74.00
  208.00   47.00   74.00
  208.00   48.00   74.00
  206.00   46.00   73.00
  207.00   47.00   74.00
  207.00   47.00   74.00
  207.00   47.00   74.00
  207.00   47.00   74.00
  207.00   47.00   74.00
  206.00   47.00   74.00
  206.00   47.00   74.00
  207.00   47.00   74.00
  206.00   47.00   74.00
  207.00   47.00   74.00
  206.00   47.00   74.00
  207.00   47.00   74.00
  207.00   47.00   74.00
  206.00   47.00   74.00
  206.00   47.00   74.00
  208.00   47.00   74.00
  206.00   47.00   74.00
  208.00   47.00   74.00
  207.00   47.00   74.00
  206.00   47.00   74.00
  206.00   47.00   74.00
  206.00   46.00   74.00
  206.00   47.00   74.00
  207.00   47.00   74.00
  207.00   47.00   74.00
  207.00   47.00   74.00
  207.00   47.00   74.00
  206.00   47.00   74.00
  207.00   47.00   75.00
  207.00   47.00   74.00
  207.00   47.00   74.00
  207.00   47.00   74.00
  207.00   48.00   74.00
  207.00   47.00   74.00
  206.00   47.00   74.00
  207.00   47.00   74.00
  207.00   47.00   74.00
  207.00   47.00   74.00
  206.00   47.00   74.00
  206.00   47.00   74.00
  206.00   47.00   74.00
  206.00   47.00   74.00
  205.00   47.00   73.00
  207.00   47.00   74.00
  206.00   46.00   74.00
  206.00   47.00   73.00
  207.00   47.00   74.00
  206.00   47.00   74.00
  207.00   47.00   74.00
  207.00   47.00   74.00
  206.00   47.00   74.00
  207.00   48.00   75.00
  207.00   47.00   74.00
  216.00   40.00   68.00
  198.00   60.00   83.00
  205.00   32.00   76.00
  177.00   31.00  123.00
  206.00   44.00   77.00
  208.00   45.00   75.00
  238.00  112.00   88.00
  261.00   47.00  110.00
  220.00    2.00  138.00
  136.00  -30.00  159.00
   91.00  -16.00  163.00
   41.00  -30.00  181.00
   13.00 -106.00  163.00
   27.00 -160.00  105.00
   33.00 -168.00   99.00
   26.00 -172.00   96.00
   21.00 -177.00   90.00
    8.00 -170.00   96.00
    8.00 -179.00   96.00
   10.00 -161.00   87.00
   24.00    7.00  -31.00
   14.00    0.00   -4.00
  -64.00   68.00   39.00
  175.00 -133.00  -63.00
  135.00 -150.00 -119.00
  202.00  -69.00  -46.00
  322.00   73.00  124.00
  200.00   34.00   77.00
  208.00   30.00   72.00
  211.00   28.00   70.00
  212.00   28.00   70.00
  211.00   27.00   69.00
  212.00   28.00   69.00
  212.00   27.00   70.00
  212.00   27.00   69.00
  212.00   28.00   70.00
  212.00   28.00   70.00
  212.00   28.00   70.00
  212.00   28.00   70.00
  212.00   28.00   69.00
