214.00   21.00   66.00
215.00   23.00   66.00
214.00   22.00   66.00
214.00   21.00   66.00
214.00   21.00   66.00
214.00   21.00   67.00
214.00   21.00   66.00
214.00   21.00   66.00
214.00   21.00   66.00
214.00   21.00   66.00
214.00   21.00   66.00
214.00   21.00   66.00
214.00   21.00   66.00
203.00   42.00   94.00
240.00   66.00   70.00
242.00   19.00   94.00
245.00   20.00  133.00
199.00    9.00  114.00
171.00   -3.00   96.00
122.00   -2.00   94.00
157.00   16.00  127.00
144.00   21.00  124.00
48.00  -14.00   31.00
-11.00  -33.00    8.00
193.00 -254.00  -22.00
210.00  -44.00 -103.00
-57.00  124.00  179.00
290.00   60.00   86.00
134.00   80.00  137.00
172.00   58.00  125.00
185.00   54.00  122.00
196.00   61.00  129.00
201.00    7.00  106.00
192.00   24.00  103.00
256.00   58.00  128.00
236.00   56.00  129.00
198.00   17.00  128.00
154.00  -16.00  118.00
117.00  -10.00  125.00
113.00  -18.00  156.00
117.00  -10.00  167.00
106.00    2.00  152.00
91.00   14.00  138.00
112.00    2.00  126.00
122.00    7.00   29.00
-13.00   -8.00   -2.00
343.00 -255.00    8.00
66.00   53.00  129.00
248.00    6.00   58.00
217.00   23.00   72.00
204.00   26.00   68.00
221.00   28.00   67.00
223.00   23.00   66.00
216.00   18.00   72.00
210.00   24.00   66.00
215.00   18.00   58.00
238.00   46.00   44.00
192.00   68.00   71.00
207.00   51.00   77.00
202.00   57.00   73.00
221.00    6.00    2.00
210.00  -40.00 -112.00
128.00  -89.00 -180.00
38.00 -105.00 -250.00
230.00   27.00  -33.00
190.00   78.00   16.00
208.00   67.00   41.00
216.00   64.00   73.00
126.00   56.00  129.00
140.00   67.00  148.00
8.00  223.00  180.00
58.00  110.00  210.00
52.00   56.00  221.00
-82.00   -2.00  149.00
-136.00 -107.00   70.00
-116.00 -118.00  -24.00
-28.00 -124.00  -33.00
-6.00 -149.00  -24.00
-34.00 -207.00  -63.00
-96.00 -150.00  -22.00
-197.00 -131.00   -7.00
-167.00 -135.00  -10.00
-163.00 -132.00   11.00
-79.00 -173.00 -109.00
-44.00 -184.00 -115.00
13.00 -178.00 -107.00
43.00 -176.00 -135.00
28.00 -161.00 -132.00
6.00 -132.00 -100.00
39.00  -12.00  -16.00
10.00   -5.00  -19.00
104.00   34.00  -71.00
101.00   51.00    4.00
171.00   -2.00  -30.00
231.00  -14.00  -21.00
221.00   -7.00  -22.00
230.00  -22.00  -24.00
233.00  -21.00  -27.00
224.00  -20.00   -7.00
268.00    1.00    5.00
200.00 -201.00 -162.00
-74.00 -150.00 -182.00
-100.00 -138.00  -79.00
-141.00 -132.00 -100.00
-2.00 -160.00 -106.00
19.00  -94.00  -75.00
68.00 -134.00 -126.00
64.00 -114.00 -130.00
52.00 -136.00 -170.00
34.00 -140.00 -176.00
41.00 -142.00 -173.00
36.00 -136.00 -160.00
32.00 -132.00 -150.00
34.00 -132.00 -175.00
18.00 -109.00 -129.00
47.00   -9.00  -22.00
2.00   -4.00  -39.00
306.00   13.00  117.00
47.00  -23.00   12.00
206.00  -47.00   72.00
216.00  -65.00   28.00
213.00  -50.00   40.00
213.00  -58.00   33.00
217.00  -55.00   40.00
218.00  -48.00   37.00
304.00   32.00  126.00
289.00  -70.00   12.00
217.00 -207.00  -31.00
25.00 -243.00  -32.00
56.00 -144.00  -48.00
2.00  -82.00   26.00
38.00 -105.00   42.00
51.00 -114.00   10.00
11.00  101.00   30.00
12.00   -3.00  -21.00
-6.00  -31.00 -205.00
94.00 -128.00 -200.00
66.00 -106.00 -184.00
66.00 -106.00 -182.00
64.00 -112.00 -184.00
66.00 -112.00 -189.00
78.00 -119.00 -186.00
121.00 -109.00 -149.00
159.00  -83.00 -130.00
224.00  -45.00  -85.00
211.00   64.00   13.00
272.00   53.00   64.00
241.00  -13.00  148.00
160.00  -25.00  146.00
129.00  -21.00  155.00
52.00  -40.00  131.00
-31.00  -49.00  140.00
-63.00  -45.00  129.00
-36.00  -55.00  100.00
35.00    2.00  -22.00
29.00    4.00   -2.00
32.00  225.00   98.00
-59.00   73.00  176.00
-63.00  119.00  153.00
-36.00  124.00  163.00
-38.00  120.00  163.00
-36.00  118.00  162.00
-39.00  127.00  161.00
-46.00  118.00  163.00
-43.00  121.00  161.00
-56.00  142.00  179.00
-49.00  175.00  148.00
-24.00  185.00  129.00
-13.00  174.00   43.00
-88.00  172.00   74.00
39.00  222.00  -40.00
61.00  204.00  -18.00
25.00  181.00  -20.00
8.00  192.00  -11.00
14.00  196.00  -37.00
2.00  195.00  -58.00
5.00  196.00  -60.00
31.00  160.00  -44.00
10.00    3.00   -7.00
24.00    6.00   -8.00
-227.00 -153.00  250.00
-140.00  102.00   -6.00
-194.00   29.00    0.00
-186.00   58.00   -1.00
-191.00   35.00   20.00
-180.00   43.00   53.00
-186.00   47.00   49.00
-233.00   41.00   16.00
-262.00  -44.00  148.00
-211.00  -63.00  188.00
-104.00 -102.00  175.00
-7.00 -123.00  114.00
38.00 -106.00   84.00
36.00 -130.00   98.00
29.00 -158.00   99.00
36.00 -171.00   98.00
36.00 -156.00  102.00
35.00  -76.00   43.00
19.00   -6.00   -3.00
-71.00 -202.00  292.00
368.00 -150.00   13.00
212.00 -100.00  -73.00
224.00  -38.00  -33.00
223.00  -32.00  -27.00
222.00  -16.00  -19.00
228.00   12.00   -7.00
226.00   28.00    0.00
227.00   24.00    0.00
229.00   42.00   14.00
185.00   32.00   14.00
254.00   28.00   47.00
240.00   -4.00  -52.00
202.00   65.00   35.00
316.00   19.00  100.00
241.00  -14.00   24.00
225.00    4.00   40.00
221.00    7.00   43.00
222.00    7.00   43.00
222.00    7.00   4
