  -12.00 -103.00 -189.00
  -12.00 -102.00 -190.00
  -12.00 -102.00 -189.00
  -12.00 -102.00 -189.00
  -12.00 -103.00 -189.00
  -13.00 -103.00 -189.00
  -12.00 -102.00 -189.00
  -12.00 -102.00 -189.00
  -12.00 -103.00 -189.00
  -12.00 -103.00 -189.00
  -12.00 -102.00 -189.00
  -12.00 -102.00 -189.00
  -12.00 -103.00 -189.00
  -12.00 -103.00 -189.00
  -12.00 -103.00 -189.00
  -13.00 -103.00 -190.00
  -11.00 -103.00 -189.00
   -9.00  -90.00 -196.00
  -31.00  -89.00 -208.00
  -35.00  -73.00 -206.00
  -39.00  -94.00 -192.00
  -29.00  -96.00 -188.00
  -20.00 -106.00 -188.00
  -31.00 -136.00 -177.00
  -22.00 -138.00 -166.00
   -8.00 -130.00 -164.00
   -4.00 -135.00 -166.00
    8.00 -146.00 -162.00
   21.00 -149.00 -158.00
   18.00 -144.00 -138.00
   75.00 -156.00 -176.00
   48.00 -178.00 -141.00
   32.00 -156.00  -81.00
   40.00 -157.00  -79.00
   33.00 -198.00 -106.00
   26.00 -195.00 -102.00
    0.00 -212.00  -30.00
   -4.00 -189.00   34.00
  -25.00 -169.00   65.00
  -71.00 -148.00  118.00
 -103.00 -131.00  144.00
 -102.00  -92.00  142.00
 -126.00  -82.00  138.00
 -108.00  -72.00  109.00
 -132.00  -73.00  141.00
 -102.00  -36.00  180.00
 -126.00  -10.00  153.00
  -57.00   20.00  191.00
   42.00   14.00  209.00
   62.00   10.00  200.00
   71.00  -13.00  177.00
  104.00    0.00  181.00
  162.00  -18.00  158.00
  142.00    2.00  156.00
  103.00   31.00  187.00
   57.00   42.00  206.00
   38.00   53.00  198.00
   19.00   59.00  203.00
   -1.00   61.00  198.00
  -23.00   67.00  194.00
  -46.00   66.00  185.00
  -84.00   57.00  172.00
 -126.00   48.00  147.00
 -150.00   64.00  129.00
 -124.00   71.00  154.00
  -92.00   50.00  149.00
  -78.00   72.00  170.00
 -113.00   58.00  162.00
 -133.00   23.00  137.00
 -147.00   21.00  132.00
 -150.00   31.00  136.00
 -118.00   34.00  154.00
 -115.00   24.00  155.00
 -107.00   25.00  160.00
 -106.00   33.00  172.00
  -83.00   33.00  175.00
  -68.00   34.00  186.00
  -13.00   58.00  194.00
   20.00   72.00  201.00
   31.00   84.00  193.00
   58.00  100.00  178.00
   93.00  109.00  158.00
   91.00  120.00  157.00
   88.00  100.00  173.00
   35.00   86.00  185.00
    4.00   64.00  190.00
  -13.00   74.00  197.00
    2.00   83.00  200.00
  -18.00   72.00  193.00
  -10.00   79.00  191.00
  -12.00   76.00  198.00
  -15.00   82.00  192.00
  -22.00   74.00  179.00
   -4.00   69.00  205.00
    2.00   38.00  187.00
  -36.00   77.00  208.00
  -25.00   70.00  195.00
  -13.00   64.00  200.00
    2.00   54.00  201.00
   19.00   39.00  204.00
   29.00   41.00  205.00
   38.00   41.00  210.00
   46.00   35.00  206.00
   64.00   18.00  196.00
   94.00   12.00  192.00
  129.00   10.00  182.00
  138.00    3.00  173.00
  140.00   -5.00  167.00
  142.00   -6.00  168.00
  154.00  -18.00  157.00
  154.00  -31.00  148.00
  172.00  -36.00  137.00
  182.00  -50.00  118.00
  181.00  -63.00   98.00
  187.00  -67.00   96.00
  188.00  -73.00   86.00
  197.00  -87.00   67.00
  191.00  -97.00   53.00
  192.00 -107.00   41.00
  186.00 -107.00   30.00
  188.00 -119.00   19.00
  183.00 -123.00   10.00
  179.00 -127.00   -2.00
  177.00 -135.00   -8.00
  171.00 -145.00  -21.00
  161.00 -143.00  -28.00
  166.00 -144.00  -29.00
  167.00 -151.00  -31.00
  164.00 -152.00  -16.00
  153.00 -158.00   -7.00
  149.00 -158.00    5.00
  145.00 -165.00   10.00
  136.00 -164.00   13.00
  134.00 -163.00   15.00
  141.00 -168.00    4.00
  140.00 -166.00  -11.00
  130.00 -174.00  -22.00
  122.00 -176.00  -41.00
  121.00 -175.00  -47.00
  116.00 -175.00  -51.00
  119.00 -173.00  -55.00
  112.00 -167.00  -61.00
  118.00 -169.00  -76.00
  132.00 -160.00  -80.00
  157.00 -154.00  -70.00
  181.00 -130.00  -43.00
  188.00 -115.00  -19.00
  207.00 -103.00   -2.00
  200.00  -84.00   33.00
  213.00  -56.00   68.00
  185.00  -28.00  113.00
  165.00   -4.00  145.00
  152.00   20.00  162.00
  112.00   26.00  184.00
   90.00   25.00  192.00
   64.00   29.00  200.00
   60.00   31.00  205.00
   58.00   29.00  205.00
   76.00   25.00  193.00
  119.00   24.00  176.00
  154.00   28.00  160.00
  178.00   18.00  128.00
  205.00   18.00  116.00
  165.00   45.00  138.00
  162.00   61.00  136.00
  165.00   64.00  140.00
  170.00   75.00  135.00
  168.00   81.00  120.00
  137.00   61.00  125.00
  171.00   93.00  122.00
  200.00   84.00   93.00
  148.00   82.00  112.00
  134.00  100.00   95.00
  118.00  152.00   94.00
  118.00  115.00   97.00
  174.00  134.00  115.00
  147.00  119.00  108.00
  158.00  127.00   97.00
  163.00  126.00   95.00
  156.00  127.00   93.00
  167.00  122.00   92.00
  141.00  117.00  113.00
  129.00  107.00  113.00
  144.00  153.00  134.00
  126.00  116.00  147.00
  116.00   93.00  165.00
   96.00   84.00  177.00
   82.00   84.00  196.00
   68.00   65.00  196.00
   57.00   84.00  188.00
   74.00   79.00  192.00
   74.00   83.00  193.00
   91.00   73.00  182.00
   85.00   72.00  177.00
   80.00   81.00  181.00
   86.00  100.00  187.00
   88.00   89.00  173.00
   84.00   88.00  177.00
   84.00   90.00  177.00
   80.00   92.00  179.00
   84.00   94.00  180.00
   64.00   90.00  184.00
   32.00   90.00  187.00
   17.00   92.00  190.00
   -7.00   85.00  187.00
  -30.00   85.00  188.00
  -48.00   86.00  182.00
  -46.00   89.00  182.00
  -55.00   91.00  183.00
  -47.00   82.00  161.00
  -56.00   88.00  193.00
  -72.00   87.00  158.00
  -66.00   98.00  170.00
  -60.00  101.00  181.00
  -23.00  136.00  157.00
  -42.00  130.00  156.00
  -36.00  136.00  149.00
  -32.00  146.00  146.00
  -13.00  158.00  142.00
    9.00  168.00  136.00
   36.00  159.00  127.00
   28.00  167.00  137.00
   27.00  156.00  128.00
   34.00  169.00  128.00
   31.00  167.00  122.00
   28.00  180.00  117.00
   25.00  181.00  114.00
   14.00  179.00  112.00
    8.00  174.00  112.00
   13.00  190.00  114.00
    4.00  173.00  103.00
    4.00  195.00  102.00
    2.00  182.00   91.00
   -2.00  196.00   92.00
    5.00  190.00   80.00
    2.00  198.00   78.00
    3.00  203.00   77.00
    2.00  196.00   72.00
    1.00  201.00   72.00
    2.00  199.00   72.00
    2.00  198.00   74.00
   -1.00  198.00   77.00
  -14.00  196.00   87.00
  -20.00  192.00   97.00
  -13.00  173.00  110.00
  -24.00  154.00  130.00
  -27.00  145.00  146.00
  -23.00  131.00  158.00
  -19.00  124.00  166.00
  -26.00  116.00  171.00
  -30.00  103.00  179.00
  -24.00   93.00  185.00
   -9.00   87.00  178.00
  -16.00   78.00  190.00
    4.00   92.00  207.00
   -7.00   69.00  192.00
  -23.00   52.00  193.00
  -61.00   54.00  188.00
  -84.00   43.00  185.00
  -26.00   33.00  201.00
  -17.00   47.00  205.00
  -15.00   54.00  205.00
   -2.00   49.00  200.00
  -15.00   58.00  202.00
   18.00   57.00  205.00
   10.00   52.00  202.00
   48.00   53.00  205.00
   97.00   39.00  192.00
  129.00   13.00  179.00
  161.00   -5.00  159.00
  152.00  -83.00  118.00
  144.00 -110.00  103.00
  160.00 -125.00   93.00
  146.00 -125.00   82.00
  160.00 -141.00   63.00
  162.00 -139.00   64.00
  140.00 -144.00   74.00
  134.00 -153.00   72.00
  127.00 -158.00   57.00
  113.00 -178.00   66.00
   88.00 -179.00   67.00
   84.00 -181.00   70.00
   77.00 -185.00   76.00
   64.00 -180.00   76.00
   59.00 -181.00   80.00
   55.00 -179.00   68.00
   69.00 -195.00   55.00
   65.00 -195.00   37.00
   59.00 -208.00   22.00
   59.00 -201.00   28.00
   52.00 -199.00   20.00
   62.00 -200.00   21.00
   65.00 -216.00  -20.00
   56.00 -182.00  -36.00
   51.00 -195.00  -71.00
   61.00 -194.00  -81.00
   60.00 -190.00  -95.00
   72.00 -182.00  -99.00
   87.00 -175.00  -99.00
   96.00 -163.00  -96.00
   78.00 -170.00 -125.00
   88.00 -167.00  -90.00
   85.00 -174.00 -102.00
   90.00 -170.00  -98.00
   92.00 -166.00  -99.00
   85.00 -167.00 -106.00
   87.00 -168.00 -108.00
   84.00 -165.00 -106.00
   91.00 -168.00 -109.00
   90.00 -167.00 -108.00
   87.00 -167.00 -110.00
   81.00 -168.00 -114.00
   74.00 -166.00 -112.00
   68.00 -166.00 -116.00
   61.00 -173.00 -128.00
   53.00 -169.00 -128.00
   43.00 -170.00 -127.00
   42.00 -169.00 -126.00
   48.00 -169.00 -120.00
   59.00 -170.00 -118.00
   60.00 -171.00 -116.00
   60.00 -174.00 -119.00
   58.00 -152.00 -109.00
   78.00 -180.00 -120.00
   79.00 -176.00 -101.00
   73.00 -172.00 -105.00
   40.00 -188.00  -97.00
   24.00 -178.00 -107.00
   20.00 -184.00 -120.00
   29.00 -178.00 -115.00
   42.00 -177.00 -117.00
   48.00 -181.00 -112.00
   13.00 -180.00 -107.00
  -16.00 -172.00 -112.00
   -7.00 -180.00 -108.00
  -25.00 -174.00 -112.00
  -21.00 -177.00 -115.00
  -39.00 -173.00 -111.00
  -32.00 -174.00 -110.00
  -33.00 -175.00 -110.00
  -28.00 -178.00 -113.00
  -26.00 -172.00 -106.00
  -31.00 -172.00 -111.00
  -29.00 -173.00 -107.00
  -31.00 -172.00 -107.00
  -29.00 -175.00 -110.00
  -29.00 -174.00 -110.00
  -32.00 -172.00 -108.00
  -33.00 -172.00 -110.00
  -34.00 -173.00 -108.00
  -32.00 -176.00 -111.00
  -28.00 -176.00 -108.00
  -32.00 -176.00 -111.00
  -34.00 -173.00 -110.00
  -32.00 -173.00 -109.00
  -33.00 -173.00 -108.00
  -35.00 -173.00 -108.00
  -32.00 -176.00 -112.00
  -30.00 -174.00 -107.00
  -27.00 -177.00 -109.00
  -34.00 -172.00 -108.00
  -24.00 -164.00 -110.00
  -32.00 -162.00 -124.00
  -30.00 -159.00 -138.00
  -18.00 -152.00 -147.00
   -4.00 -150.00 -151.00
   -5.00 -127.00 -157.00
   -1.00 -133.00 -176.00
    2.00 -123.00 -182.00
    9.00 -120.00 -185.00
    8.00 -117.00 -180.00
    7.00 -118.00 -184.00
    8.00 -119.00 -181.00
   12.00 -122.00 -183.00
   15.00 -118.00 -179.00
   10.00 -126.00 -184.00
    4.00 -124.00 -171.00
   -3.00 -134.00 -176.00
   -8.00 -131.00 -167.00
    3.00 -140.00 -162.00
   17.00 -141.00 -159.00
   22.00 -144.00 -155.00
   25.00 -147.00 -156.00
   18.00 -153.00 -154.00
   16.00 -153.00 -155.00
   19.00 -158.00 -136.00
   19.00 -167.00 -111.00
    8.00 -179.00 -120.00
   -2.00 -174.00 -129.00
   -6.00 -163.00 -121.00
   -8.00 -173.00 -126.00
  -35.00 -167.00 -113.00
  -39.00 -172.00 -123.00
  -32.00 -168.00 -122.00
  -52.00 -165.00 -116.00
  -61.00 -169.00 -107.00
  -46.00 -169.00  -80.00
  -53.00 -178.00  -82.00
  -76.00 -174.00  -79.00
  -79.00 -179.00  -90.00
  -62.00 -173.00  -80.00
  -71.00 -174.00  -85.00
  -75.00 -175.00  -87.00
  -79.00 -170.00  -85.00
  -84.00 -165.00  -80.00
  -93.00 -164.00  -79.00
  -86.00 -162.00  -79.00
  -97.00 -165.00  -83.00
 -100.00 -155.00  -72.00
 -130.00 -147.00  -79.00
 -126.00 -142.00  -73.00
 -133.00 -136.00  -66.00
 -148.00 -124.00  -62.00
 -147.00 -118.00  -53.00
 -157.00 -112.00  -50.00
 -162.00 -108.00  -42.00
 -168.00 -102.00  -36.00
 -165.00  -96.00  -28.00
 -170.00  -92.00  -24.00
 -174.00  -91.00  -21.00
 -167.00  -98.00  -18.00
 -168.00  -95.00  -16.00
 -177.00  -87.00  -13.00
 -178.00  -85.00  -22.00
 -173.00  -79.00  -22.00
 -194.00  -69.00  -18.00
 -179.00  -45.00   18.00
 -185.00  -15.00   52.00
 -179.00   -2.00   66.00
 -184.00    9.00   72.00
 -179.00    8.00   68.00
 -187.00   16.00   68.00
 -179.00   24.00   78.00
 -168.00   33.00   90.00
 -155.00   55.00  102.00
 -152.00   74.00  110.00
 -145.00   75.00  110.00
 -140.00   82.00  115.00
 -125.00   92.00  123.00
 -103.00  104.00  129.00
 -102.00  124.00  136.00
  -94.00  120.00  134.00
  -92.00  120.00  132.00
  -84.00  129.00  134.00
  -75.00  135.00  135.00
  -81.00  135.00  138.00
 -108.00  106.00  122.00
 -130.00   97.00  115.00
 -136.00   86.00  110.00
 -155.00   76.00  101.00
 -157.00   60.00   90.00
 -165.00   64.00   94.00
 -168.00   49.00   76.00
 -181.00   41.00   66.00
 -185.00   30.00   55.00
 -185.00   24.00   48.00
 -188.00   21.00   45.00
 -199.00   14.00   40.00
 -207.00  -10.00   33.00
 -180.00  -40.00   38.00
 -195.00  -40.00   85.00
 -127.00  -59.00  102.00
 -112.00  -79.00  135.00
  -95.00  -69.00  149.00
 -103.00  -63.00  166.00
  -89.00  -53.00  179.00
  -91.00  -92.00  164.00
  -68.00  -95.00  160.00
  -62.00 -141.00  134.00
  -57.00 -135.00  137.00
  -46.00 -178.00  118.00
   16.00 -147.00  125.00
   50.00 -166.00  119.00
   46.00 -158.00  133.00
   42.00 -150.00  145.00
   53.00 -145.00  152.00
   51.00 -167.00  116.00
   54.00 -173.00  112.00
   55.00 -170.00  105.00
   37.00 -180.00  100.00
   43.00 -181.00   94.00
   38.00 -188.00   93.00
   37.00 -170.00   95.00
   36.00 -215.00   42.00
   32.00 -208.00   30.00
   42.00 -205.00   17.00
   32.00 -212.00    9.00
   41.00 -199.00   12.00
   34.00 -203.00    9.00
   33.00 -206.00    7.00
   35.00 -197.00    0.00
   13.00 -213.00  -11.00
    4.00 -209.00  -15.00
  -10.00 -204.00   -5.00
   -2.00 -205.00   -7.00
   -8.00 -207.00   -5.00
  -14.00 -206.00    0.00
  -29.00 -213.00    3.00
  -43.00 -200.00    4.00
  -50.00 -201.00   13.00
  -55.00 -179.00   36.00
  -87.00 -149.00   86.00
 -115.00 -122.00  104.00
 -123.00  -83.00  140.00
 -123.00  -76.00  141.00
  -95.00 -122.00  126.00
  -76.00 -105.00  149.00
  -57.00 -115.00  142.00
  -46.00 -142.00  112.00
  -41.00 -128.00  125.00
  -96.00  -89.00  133.00
  -90.00  -31.00  209.00
  -92.00  -30.00  190.00
  -12.00  -16.00  223.00
  -12.00  -85.00  188.00
   11.00  -68.00  189.00
    8.00  -67.00  169.00
   46.00   -8.00  206.00
   39.00    8.00  205.00
   52.00   25.00  203.00
   60.00   51.00  210.00
   59.00   52.00  203.00
   60.00   57.00  205.00
   60.00   54.00  199.00
   64.00   57.00  196.00
   66.00   62.00  201.00
   62.00   54.00  195.00
   60.00   54.00  199.00
   62.00   53.00  199.00
   66.00   53.00  200.00
   64.00   56.00  202.00
   61.00   49.00  196.00
   64.00   52.00  196.00
   64.00   55.00  198.00
   58.00   52.00  195.00
   65.00   60.00  190.00
   60.00   73.00  192.00
   66.00   77.00  192.00
   64.00   69.00  189.00
   64.00   69.00  192.00
   61.00   68.00  194.00
   60.00   67.00  193.00
   62.00   69.00  194.00
   64.00   66.00  191.00
   61.00   67.00  193.00
   64.00   69.00  194.00
   65.00   68.00  195.00
   63.00   70.00  196.00
   60.00   67.00  195.00
   61.00   68.00  197.00
   62.00   67.00  195.00
   61.00   66.00  193.00
   62.00   67.00  194.00
   61.00   67.00  195.00
   59.00   65.00  196.00
   64.00   71.00  197.00
   62.00   68.00  197.00
   60.00   68.00  197.00
   60.00   66.00  194.00
   61.00   65.00  194.00
   61.00   66.00  194.00
   63.00   65.00  192.00
   63.00   65.00  191.00
   62.00   65.00  192.00
   62.00   67.00  194.00
   62.00   66.00  195.00
   59.00   67.00  198.00
   60.00   65.00  195.00
   67.00   70.00  203.00
   27.00   53.00  199.00
    3.00   46.00  205.00
  -19.00   30.00  206.00
  -48.00   12.00  198.00
  -52.00    4.00  197.00
  -55.00    0.00  198.00
  -64.00  -14.00  188.00
  -51.00    4.00  205.00
  -41.00    4.00  205.00
   -8.00    3.00  204.00
   24.00   14.00  212.00
   43.00   13.00  207.00
   46.00   19.00  211.00
   41.00   17.00  209.00
   40.00   18.00  208.00
   38.00   20.00  209.00
   36.00   19.00  208.00
   38.00   20.00  208.00
   38.00   20.00  206.00
   37.00   20.00  209.00
   34.00   17.00  206.00
   36.00   20.00  209.00
   36.00   21.00  210.00
   37.00   22.00  210.00
   35.00   22.00  211.00
   33.00   20.00  208.00
   33.00   21.00  210.00
   35.00   22.00  210.00
   34.00   26.00  216.00
   24.00   14.00  209.00
   35.00   18.00  209.00
   35.00   18.00  209.00
   33.00   17.00  207.00
   33.00   21.00  211.00
   32.00   22.00  212.00
   32.00   19.00  209.00
   35.00   21.00  210.00
   34.00   22.00  211.00
   36.00   22.00  210.00
   32.00   21.00  208.00
   37.00   21.00  207.00
   34.00   23.00  211.00
   31.00   24.00  212.00
   32.00   21.00  211.00
   35.00   22.00  210.00
   33.00   18.00  209.00
   33.00   23.00  211.00
   36.00   20.00  208.00
   34.00   21.00  210.00
   29.00   17.00  208.00
   37.00   24.00  210.00
    1.00   10.00  201.00
  -42.00   -1.00  204.00
  -61.00  -18.00  195.00
  -76.00  -31.00  185.00
  -65.00  -18.00  217.00
  -26.00  -18.00  200.00
  -17.00  -23.00  208.00
    2.00  -25.00  204.00
   18.00  -15.00  210.00
   22.00  -19.00  205.00
    4.00  -12.00  224.00
   28.00   -1.00  216.00
   39.00  -21.00  206.00
    9.00  -27.00  201.00
   34.00  -16.00  203.00
   29.00  -19.00  216.00
   16.00   -9.00  235.00
   33.00  -15.00  204.00
   10.00   -6.00  211.00
   25.00    2.00  201.00
    5.00    0.00  207.00
    0.00   -5.00  213.00
  -22.00  -11.00  211.00
   -2.00  -23.00  220.00
   23.00  -11.00  202.00
  -27.00  -30.00  206.00
    9.00  -26.00  204.00
    8.00  -22.00  205.00
   -1.00  -26.00  202.00
   14.00    3.00  211.00
   26.00   31.00  213.00
   22.00   25.00  220.00
    9.00   26.00  213.00
  -11.00   31.00  211.00
   -3.00   19.00  196.00
    0.00   21.00  211.00
    4.00   40.00  224.00
  -30.00    0.00  191.00
  -69.00    8.00  196.00
  -74.00   36.00  199.00
  -96.00   28.00  178.00
 -114.00    4.00  159.00
 -134.00  -11.00  140.00
 -151.00  -18.00  122.00
 -163.00  -22.00  119.00
 -124.00   20.00  177.00
 -132.00   41.00  162.00
 -103.00   26.00  145.00
  -78.00   35.00  171.00
 -108.00   25.00  169.00
  -87.00    5.00  168.00
  -96.00    2.00  173.00
  -33.00   43.00  192.00
  -32.00  104.00  171.00
  -34.00  106.00  190.00
   26.00   91.00  189.00
  103.00   58.00  174.00
  183.00   -5.00  126.00
  195.00  -51.00   84.00
  208.00  -87.00   57.00
  192.00 -107.00   41.00
  185.00 -120.00   29.00
  176.00 -130.00   23.00
  178.00 -144.00   17.00
  153.00 -144.00   47.00
  156.00 -147.00   57.00
  144.00 -142.00   82.00
  141.00 -131.00  100.00
  113.00 -133.00  123.00
  101.00 -121.00  134.00
   70.00 -144.00  149.00
   84.00 -131.00  146.00
   77.00 -147.00  125.00
   69.00 -173.00  109.00
   68.00 -182.00   98.00
   70.00 -184.00   84.00
   66.00 -187.00   83.00
   53.00 -185.00   94.00
   24.00 -176.00  105.00
  -19.00 -171.00  108.00
  -44.00 -164.00  112.00
  -64.00 -161.00  100.00
  -82.00 -152.00   90.00
 -131.00 -146.00   49.00
 -135.00 -143.00   27.00
 -138.00 -129.00    9.00
 -144.00 -151.00  -19.00
   -2.00 -191.00    2.00
   36.00 -203.00  -37.00
   67.00 -201.00  -53.00
   76.00 -187.00  -65.00
  -23.00 -170.00  -98.00
  -88.00 -169.00 -132.00
  -43.00 -171.00 -115.00
   23.00 -174.00 -100.00
   68.00 -188.00  -88.00
  120.00 -168.00  -60.00
  128.00 -179.00  -50.00
  147.00 -154.00   -9.00
  162.00 -145.00   14.00
  164.00 -169.00    4.00
   98.00 -167.00   38.00
   24.00 -128.00  142.00
   32.00  -96.00  160.00
   30.00  -23.00  229.00
   59.00  -10.00  215.00
   77.00    7.00  206.00
   68.00   -4.00  200.00
   76.00    2.00  204.00
   76.00    6.00  201.00
   75.00    5.00  203.00
   79.00    6.00  206.00
   72.00   -3.00  197.00
   70.00   -4.00  203.00
   76.00   -2.00  202.00
   78.00    1.00  202.00
   80.00   -2.00  200.00
   83.00    2.00  198.00
   81.00    0.00  198.00
   88.00    7.00  197.00
   86.00    2.00  197.00
   86.00    3.00  198.00
   86.00    4.00  197.00
   88.00    4.00  197.00
   92.00    2.00  199.00
   62.00  -14.00  188.00
   78.00   -5.00  204.00
   78.00   -1.00  209.00
   87.00   -3.00  194.00
   86.00  -29.00  199.00
   96.00  -46.00  191.00
   82.00  -59.00  185.00
   74.00  -75.00  187.00
   79.00  -92.00  170.00
   67.00  -88.00  171.00
   65.00  -96.00  188.00
   42.00 -122.00  154.00
   16.00 -135.00  164.00
    4.00 -143.00  151.00
    7.00 -169.00  116.00
   -4.00 -181.00  100.00
    6.00 -192.00   79.00
   22.00 -188.00   66.00
   10.00 -208.00  -26.00
   -7.00 -210.00  -44.00
  -11.00 -202.00  -33.00
  -13.00 -202.00  -44.00
    0.00 -204.00  -54.00
   12.00 -196.00  -62.00
   56.00 -201.00  -77.00
   44.00 -192.00  -64.00
   67.00 -193.00  -69.00
   98.00 -182.00  -71.00
  107.00 -179.00  -70.00
  107.00 -176.00  -65.00
  106.00 -178.00  -67.00
  108.00 -176.00  -63.00
  105.00 -178.00  -65.00
  104.00 -178.00  -67.00
  103.00 -179.00  -63.00
  101.00 -180.00  -64.00
  102.00 -181.00  -64.00
   99.00 -184.00  -63.00
  103.00 -181.00  -52.00
  101.00 -185.00  -58.00
  105.00 -181.00  -49.00
  107.00 -184.00  -50.00
   98.00 -184.00  -37.00
   70.00 -188.00  -22.00
   68.00 -194.00   -7.00
   81.00 -182.00  -27.00
  -29.00 -208.00 -107.00
 -123.00 -136.00  -29.00
 -140.00 -137.00  -39.00
 -164.00 -122.00  -12.00
 -158.00 -118.00  -11.00
 -164.00 -106.00    1.00
 -178.00  -84.00   16.00
 -178.00  -78.00   28.00
 -176.00  -69.00   37.00
 -186.00  -48.00   51.00
 -177.00  -23.00   60.00
 -186.00    1.00   99.00
 -198.00    9.00   87.00
 -172.00  -11.00   91.00
 -180.00   -3.00   71.00
 -177.00   -6.00   93.00
 -162.00  -16.00   93.00
 -164.00   15.00   97.00
 -170.00   26.00  115.00
 -160.00   23.00  118.00
 -175.00   24.00  129.00
 -165.00  -89.00   48.00
 -178.00  -72.00   49.00
 -179.00  -68.00   53.00
 -157.00  -94.00   38.00
 -184.00  -66.00   50.00
 -167.00  -47.00   79.00
 -173.00  -22.00   89.00
 -161.00    6.00  123.00
 -147.00   10.00  132.00
 -131.00   16.00  152.00
 -106.00   22.00  165.00
  -84.00   32.00  181.00
  -70.00   32.00  187.00
  -57.00   36.00  189.00
  -28.00   36.00  198.00
  -24.00   49.00  197.00
  -19.00   29.00  214.00
   18.00   26.00  205.00
    9.00   34.00  202.00
    9.00   16.00  200.00
  -15.00   19.00  198.00
  -44.00   17.00  210.00
  -48.00  -14.00  213.00
  -37.00   21.00  200.00
    7.00    7.00  195.00
   47.00   -4.00  207.00
   26.00   33.00  217.00
   50.00   12.00  205.00
   46.00   18.00  205.00
   42.00   23.00  208.00
   46.00   28.00  211.00
   37.00   34.00  212.00
   37.00   38.00  212.00
   35.00   32.00  206.00
   32.00   24.00  210.00
   30.00   21.00  212.00
   25.00   21.00  209.00
   29.00   15.00  210.00
   24.00   17.00  208.00
   22.00   29.00  214.00
   22.00   23.00  211.00
   26.00   19.00  212.00
   28.00   21.00  211.00
   28.00   21.00  207.00
   33.00   16.00  209.00
   36.00    9.00  212.00
   33.00    9.00  210.00
   28.00   13.00  206.00
   31.00   12.00  209.00
   34.00   10.00  209.00
   31.00   18.00  209.00
   19.00   21.00  208.00
   23.00   14.00  211.00
   23.00    1.00  212.00
   32.00    2.00  211.00
   29.00    2.00  205.00
   38.00    6.00  205.00
   30.00    8.00  204.00
   36.00    3.00  206.00
   33.00    8.00  206.00
   38.00    2.00  210.00
   30.00   -7.00  208.00
   46.00    5.00  214.00
   36.00    0.00  208.00
   36.00    0.00  210.00
   28.00  -12.00  210.00
   41.00    9.00  205.00
   39.00    4.00  210.00
   36.00   -5.00  205.00
   21.00  -14.00  206.00
   12.00  -11.00  206.00
   21.00   -7.00  206.00
   26.00   -6.00  212.00
   23.00   -4.00  212.00
   21.00   -7.00  210.00
   20.00  -10.00  204.00
   21.00   -7.00  212.00
   24.00  -17.00  203.00
   54.00    4.00  195.00
   58.00   -2.00  208.00
   57.00   14.00  202.00
   62.00    6.00  212.00
   60.00  -11.00  196.00
   37.00   -8.00  206.00
   44.00  -10.00  203.00
   50.00  -12.00  202.00
   59.00   -6.00  215.00
   25.00  -44.00  193.00
  -18.00  -29.00  205.00
  -31.00  -34.00  198.00
  -32.00  -24.00  204.00
  -25.00  -11.00  201.00
   -4.00   -2.00  206.00
   40.00   -8.00  204.00
   41.00   17.00  198.00
  103.00   37.00  195.00
  106.00   29.00  170.00
  140.00   31.00  120.00
  242.00   75.00  127.00
  217.00   44.00   22.00
  260.00   42.00  -41.00
  230.00   24.00  -43.00
  210.00   31.00   -3.00
  273.00   17.00  -45.00
  223.00   13.00  -41.00
  224.00   11.00  -39.00
  224.00   10.00  -39.00
  224.00   10.00  -40.00
