-190.00   10.00   41.00
-190.00   10.00   41.00
-189.00   10.00   41.00
-190.00    9.00   40.00
-190.00    9.00   40.00
-190.00    9.00   41.00
-190.00   10.00   41.00
-190.00    9.00   40.00
-190.00    9.00   40.00
-190.00   10.00   41.00
-190.00   10.00   41.00
-190.00   10.00   41.00
-190.00    9.00   41.00
-190.00   10.00   40.00
-181.00   38.00   48.00
-191.00   16.00   41.00
-186.00   20.00   51.00
-270.00   38.00   50.00
-506.00   39.00  160.00
24.00  -51.00 -144.00
26.00   -4.00   -9.00
13.00    5.00  -36.00
30.00   -1.00   -8.00
459.00  -79.00  485.00
169.00  -19.00   82.00
149.00 -116.00   -3.00
218.00   -5.00  120.00
248.00   32.00  138.00
511.00   80.00  234.00
188.00  111.00 -132.00
-21.00 -101.00 -322.00
-10.00   12.00 -166.00
36.00  -82.00 -181.00
63.00   -5.00  -27.00
40.00   44.00  182.00
10.00   83.00 -160.00
2.00   84.00 -246.00
39.00  223.00 -242.00
155.00  -38.00   46.00
-11.00  405.00 -386.00
8.00  263.00  -71.00
222.00   27.00  -85.00
101.00  103.00   64.00
125.00   76.00   43.00
171.00  194.00  200.00
217.00  189.00  246.00
101.00  113.00  117.00
100.00    3.00  -34.00
142.00  -28.00  -72.00
222.00   32.00  157.00
469.00  222.00  388.00
392.00  319.00   89.00
58.00   33.00  -51.00
-22.00  -30.00 -100.00
-22.00  -11.00   17.00
35.00  -21.00  -61.00
94.00  111.00 -185.00
138.00  -13.00  109.00
331.00  -87.00  191.00
70.00   31.00  -56.00
76.00  238.00  324.00
116.00  -39.00  -14.00
330.00    6.00   50.00
416.00   11.00  132.00
511.00  256.00   67.00
-22.00    0.00  -10.00
40.00    8.00  -30.00
-3.00  -16.00   -7.00
-6.00   -6.00  -11.00
13.00    5.00  -26.00
511.00  184.00  218.00
246.00   86.00  192.00
214.00  103.00   93.00
121.00   24.00   19.00
248.00  103.00   68.00
511.00  228.00  238.00
103.00   27.00  -50.00
-40.00   -4.00  -15.00
53.00    6.00  -30.00
11.00  -30.00   -7.00
-20.00   -1.00  -11.00
-8.00  -63.00   65.00
311.00  179.00  322.00
133.00  424.00  132.00
148.00  195.00  112.00
12.00   60.00  -33.00
110.00  102.00  210.00
126.00  138.00  216.00
58.00    7.00   -6.00
-5.00  240.00  243.00
126.00  121.00  165.00
89.00  100.00  155.00
128.00  129.00  147.00
128.00  116.00  141.00
121.00  116.00  148.00
114.00  114.00  150.00
128.00   95.00  126.00
107.00   98.00  141.00
124.00  118.00  138.00
146.00  116.00  144.00
124.00  118.00  127.00
132.00  134.00  147.00
148.00   98.00  152.00
507.00  498.00  511.00
-16.00   56.00 -102.00
38.00   -8.00  -44.00
23.00  -15.00  -25.00
-8.00  -12.00   -6.00
8.00  -23.00  -41.00
480.00  270.00 -156.00
307.00  222.00  225.00
158.00  140.00   69.00
119.00   95.00   62.00
178.00  125.00   71.00
194.00  128.00   65.00
170.00  128.00   63.00
173.00  120.00   61.00
176.00  125.00   67.00
168.00  131.00   75.00
150.00  125.00   88.00
147.00  116.00   80.00
220.00   72.00   81.00
216.00   41.00   39.00
206.00   35.00   62.00
264.00   66.00  123.00
511.00  239.00  218.00
-49.00  -22.00  -16.00
39.00    0.00  -38.00
30.00  -22.00  -17.00
2.00   -5.00  -18.00
-28.00  -11.00  -10.00
341.00   -7.00  263.00
96.00  -50.00  222.00
67.00   -8.00   67.00
177.00   69.00  147.00
168.00   29.00  146.00
171.00   40.00  150.00
158.00   42.00  157.00
161.00   49.00  150.00
157.00   46.00  134.00
157.00   51.00  152.00
166.00   52.00  144.00
171.00   55.00  143.00
162.00   21.00  104.00
164.00   91.00  247.00
118.00   19.00  175.00
24.00    4.00   34.00
218.00  -72.00   -4.00
111.00 -212.00 -219.00
58.00 -101.00 -131.00
33.00  -78.00 -178.00
55.00 -152.00 -289.00
8.00 -346.00 -500.00
127.00    1.00 -212.00
-16.00    9.00  -44.00
20.00  -24.00   -6.00
0.00  -14.00   -4.00
2.00    2.00  -30.00
465.00   92.00  366.00
236.00 -132.00  165.00
145.00 -105.00  103.00
150.00 -110.00  118.00
179.00 -101.00  113.00
180.00  -78.00  103.00
192.00  -54.00   92.00
198.00  -42.00   95.00
205.00  -50.00   74.00
210.00  -40.00   57.00
234.00  -11.00   -6.00
192.00  -25.00  -43.00
189.00    2.00  -81.00
211.00    5.00  -77.00
252.00  -33.00 -102.00
267.00   -3.00 -109.00
511.00  -27.00 -156.00
-21.00 -102.00  -57.00
67.00  -12.00  -19.00
17.00  -27.00  -35.00
42.00   -5.00  -28.00
32.00  -52.00 -186.00
197.00    8.00 -105.00
37.00 -158.00 -198.00
-35.00  -48.00  -49.00
106.00   -3.00  -24.00
288.00   -4.00  -50.00
258.00   21.00   12.00
220.00   23.00   55.00
225.00    8.00   48.00
222.00   16.00   54.00
304.00   83.00   75.00
241.00  164.00    8.00
302.00   -8.00  173.00
15.00 -316.00   27.00
-198.00   91.00  -65.00
147.00 -336.00   58.00
-138.00  -13.00   16.00
70.00 -434.00  -45.00
-92.00  -61.00  122.00
-92.00 -194.00  -88.00
-93.00 -196.00 -144.00
-44.00 -147.00 -118.00
-62.00 -152.00 -120.00
-32.00 -134.00 -103.00
21.00 -196.00 -207.00
21.00 -127.00 -172.00
100.00 -156.00  -87.00
128.00 -152.00 -110.00
189.00 -128.00 -116.00
183.00  -52.00  -78.00
247.00  -38.00   53.00
227.00   11.00   46.00
226.00    0.00   29.00
227.00   -2.00   28.00
221.00    7.00   38.00
226.00   -1.00   29.00
221.00    7.00   38.00
224.00    4.00   34.00
224.00    4.00   35.00
224.00    5.00   36
