  212.00   28.00   70.00
  211.00   28.00   70.00
  211.00   29.00   70.00
  211.00   29.00   70.00
  212.00   29.00   71.00
  212.00   29.00   71.00
  212.00   28.00   70.00
  212.00   28.00   70.00
  212.00   28.00   71.00
  212.00   29.00   71.00
  213.00   29.00   71.00
  212.00   28.00   70.00
  212.00   28.00   70.00
  228.00   24.00   76.00
  291.00   25.00   93.00
  208.00   14.00   57.00
  195.00 -125.00  -80.00
  232.00  -82.00  -42.00
  260.00   -9.00   22.00
  445.00  -65.00  -79.00
  192.00   47.00  -78.00
   33.00   18.00  -46.00
    4.00    0.00  -34.00
   12.00    2.00  -10.00
   51.00   53.00  105.00
  114.00   86.00  139.00
  -29.00   91.00  210.00
  -23.00  114.00  186.00
  -25.00  105.00  199.00
  -20.00   87.00  185.00
  -20.00   86.00  190.00
  -12.00   92.00  185.00
   -9.00   98.00  184.00
  -10.00   96.00  186.00
   -3.00  100.00  177.00
  -11.00  110.00  194.00
  -18.00   82.00  176.00
  -36.00  128.00  173.00
  -26.00   87.00  178.00
    8.00   90.00  180.00
    4.00   89.00  192.00
   12.00  122.00  196.00
   22.00  107.00  181.00
   84.00   91.00  184.00
   61.00   60.00  152.00
   61.00   84.00  212.00
  152.00  135.00  277.00
  211.00  249.00  392.00
   30.00    8.00  -39.00
   14.00  -13.00  -18.00
    5.00  -19.00   -7.00
  -95.00  129.00  312.00
  -26.00   39.00  202.00
  -44.00   52.00  218.00
  -64.00   38.00  203.00
  -60.00   44.00  197.00
  -42.00   54.00  207.00
  245.00    1.00  163.00
   99.00   24.00  142.00
  205.00  -15.00   72.00
  200.00  -16.00   65.00
  244.00  -17.00   23.00
  224.00   -2.00   41.00
  229.00   -1.00   39.00
  221.00   -4.00   40.00
  298.00  -52.00  -89.00
  190.00   76.00  147.00
  115.00  107.00  151.00
   48.00  128.00  125.00
   -6.00  159.00   96.00
  -39.00  179.00   80.00
  -44.00  175.00   86.00
  -71.00  175.00   60.00
 -116.00  187.00   14.00
 -107.00  188.00   25.00
 -108.00  190.00   -5.00
  -84.00  184.00   22.00
  -77.00  189.00   10.00
  -71.00  192.00  -10.00
  -23.00  186.00  -28.00
  -44.00  188.00  -14.00
  -46.00  195.00  -21.00
   10.00  219.00  117.00
  -35.00  206.00   66.00
  -60.00  168.00  120.00
  -12.00   88.00  151.00
  -67.00   49.00  116.00
 -193.00   84.00  112.00
 -240.00  111.00   18.00
 -178.00  103.00   -4.00
 -175.00   78.00  -52.00
 -163.00   77.00  -66.00
 -140.00  120.00  -93.00
 -103.00   91.00 -131.00
  -98.00  121.00 -163.00
  -44.00  140.00 -163.00
  -38.00   86.00 -153.00
   -8.00  139.00 -163.00
   -9.00  173.00 -186.00
    5.00  189.00 -225.00
   56.00  125.00 -164.00
   57.00  111.00 -194.00
   66.00   52.00 -292.00
  -26.00  166.00 -157.00
  -34.00  159.00 -182.00
    9.00  142.00 -174.00
   31.00  134.00 -184.00
   30.00  137.00 -176.00
    1.00  148.00 -167.00
   19.00  157.00 -164.00
   18.00  166.00 -166.00
    7.00  159.00 -155.00
   12.00  149.00 -140.00
    9.00  155.00 -141.00
   19.00  161.00 -145.00
    7.00  168.00 -151.00
   14.00  162.00 -145.00
    1.00  176.00 -149.00
    1.00  174.00 -119.00
  -59.00  153.00 -133.00
  -43.00  116.00 -122.00
  -56.00  120.00 -152.00
 -106.00   79.00 -154.00
 -172.00   20.00 -139.00
 -158.00   -6.00 -137.00
 -165.00  -14.00 -100.00
 -156.00  -28.00  -42.00
 -164.00  -29.00  125.00
 -190.00   20.00   81.00
 -165.00   12.00   79.00
 -152.00   14.00   69.00
 -162.00   16.00   59.00
 -197.00   17.00   61.00
 -203.00   18.00   53.00
 -409.00   52.00  116.00
 -235.00   27.00   18.00
   53.00  -11.00  -83.00
   14.00  -13.00   -3.00
    8.00   -8.00   -6.00
   39.00  -12.00   -2.00
 -155.00 -123.00  -20.00
 -217.00  -52.00   19.00
 -204.00  -28.00    0.00
 -194.00  -26.00    8.00
 -182.00  -30.00    6.00
 -192.00  -22.00   -2.00
 -218.00  -42.00  -17.00
 -182.00  -16.00   28.00
 -169.00   -8.00    9.00
 -166.00   -9.00   23.00
 -275.00    8.00   21.00
 -500.00  -30.00   94.00
 -116.00 -142.00   -9.00
   40.00    0.00  -60.00
   -7.00   -3.00  -26.00
   44.00    1.00  -20.00
  117.00   84.00  141.00
  142.00   39.00  164.00
  161.00   68.00  135.00
  209.00   46.00  114.00
  203.00   70.00  117.00
  204.00   38.00  157.00
  277.00   38.00  142.00
  151.00  -22.00   83.00
  122.00  -20.00  135.00
   68.00  -39.00   75.00
   83.00   59.00  145.00
  139.00  -71.00  110.00
  222.00 -119.00   94.00
  245.00 -118.00   49.00
  206.00 -110.00  -13.00
  222.00 -109.00  -41.00
  242.00 -124.00  -78.00
  205.00  -73.00  -24.00
  195.00  -73.00  -21.00
  493.00 -172.00  -29.00
  192.00   -9.00  -83.00
  -42.00  -13.00  -45.00
   26.00   -9.00  -47.00
   34.00  -15.00    4.00
 -156.00 -365.00  443.00
  395.00  116.00  184.00
  195.00  119.00  174.00
  173.00   92.00  142.00
  158.00   95.00  144.00
  155.00   81.00  160.00
  116.00   84.00  173.00
  108.00   80.00  165.00
  111.00   72.00  171.00
  108.00   80.00  179.00
   91.00   78.00  174.00
   82.00   87.00  190.00
   99.00   75.00  177.00
  111.00   71.00  170.00
   99.00   70.00  177.00
   86.00   72.00  182.00
   82.00   73.00  184.00
  105.00   68.00  177.00
   96.00   65.00  180.00
   99.00   70.00  182.00
   90.00   67.00  177.00
  104.00   66.00  175.00
   98.00   76.00  175.00
  120.00   79.00  178.00
  115.00   76.00  170.00
  124.00   85.00  152.00
  146.00   76.00  155.00
  141.00   75.00  155.00
  138.00   81.00  158.00
  117.00   72.00  157.00
  166.00   71.00  129.00
  188.00   60.00   91.00
  208.00   73.00   79.00
  225.00   64.00   59.00
  181.00   78.00   58.00
  208.00   93.00   -2.00
  196.00  114.00  -44.00
  176.00  124.00  -62.00
  107.00  173.00  -59.00
   70.00  182.00  -55.00
   13.00  158.00 -103.00
   62.00  197.00 -135.00
   30.00  154.00 -155.00
  -18.00  149.00 -149.00
  -20.00  147.00 -147.00
  -21.00  152.00 -134.00
  -46.00  244.00 -199.00
 -121.00  345.00 -399.00
   25.00  -14.00   21.00
  -11.00   -5.00  -22.00
   48.00   -4.00  -23.00
 -236.00  442.00  313.00
  -26.00  128.00   71.00
  -30.00  195.00   28.00
  -93.00  152.00   81.00
 -126.00  176.00   98.00
 -111.00  157.00   85.00
  -74.00  143.00   69.00
 -147.00  172.00   33.00
 -184.00  169.00   48.00
 -146.00  172.00  -42.00
  -43.00  177.00  -53.00
  -50.00  126.00 -136.00
  -36.00  120.00 -167.00
  -26.00  108.00 -172.00
  -36.00  118.00 -167.00
  -44.00   93.00 -172.00
  -46.00   43.00 -105.00
 -114.00   98.00 -131.00
 -203.00  136.00 -132.00
 -197.00   98.00 -132.00
 -482.00  104.00 -361.00
   11.00  -33.00  -14.00
   24.00    3.00  -23.00
   18.00   -4.00   -8.00
 -112.00  238.00  -85.00
 -253.00    6.00 -222.00
 -284.00 -185.00  -64.00
 -169.00 -120.00  -57.00
 -184.00 -108.00  -34.00
  -35.00   15.00 -119.00
  -71.00  -56.00 -216.00
  -25.00  -84.00 -201.00
  -14.00  -53.00 -208.00
 -247.00  -81.00 -487.00
 -112.00   -6.00  -33.00
   64.00    1.00  -26.00
  -21.00  -19.00  -20.00
   36.00  -18.00   -7.00
  449.00  335.00 -250.00
  152.00  -83.00 -171.00
  258.00 -153.00 -162.00
  184.00 -116.00 -132.00
  161.00  -42.00 -124.00
  162.00  -56.00 -136.00
  188.00  -61.00 -158.00
  165.00  -57.00 -139.00
  168.00  -56.00 -141.00
  173.00  -55.00 -141.00
  174.00  -60.00 -136.00
  176.00  -56.00 -134.00
  170.00  -62.00 -130.00
  181.00  -67.00 -122.00
  178.00  -48.00 -126.00
  164.00  -64.00 -118.00
  182.00  -77.00 -126.00
  176.00  -66.00 -126.00
  170.00  -69.00 -124.00
  180.00  -72.00 -133.00
  176.00  -70.00 -123.00
  172.00  -69.00 -122.00
  169.00  -69.00 -120.00
  182.00  -73.00 -122.00
  178.00  -72.00 -121.00
  174.00  -68.00 -121.00
  183.00  -73.00 -124.00
  173.00  -68.00 -116.00
  173.00  -66.00 -113.00
  162.00  -64.00 -117.00
  221.00  -66.00 -151.00
  338.00 -216.00 -182.00
  305.00  -48.00 -150.00
   58.00    3.00  -41.00
   25.00    4.00  -33.00
    9.00    7.00  -32.00
   22.00    8.00  -41.00
  -10.00 -113.00 -164.00
  -91.00 -142.00   65.00
   48.00 -242.00 -202.00
   56.00 -200.00 -177.00
   29.00 -154.00 -151.00
   35.00 -153.00 -148.00
   38.00 -152.00 -145.00
   35.00 -158.00 -159.00
   29.00 -150.00 -146.00
   33.00 -157.00 -153.00
   30.00 -150.00 -148.00
   30.00 -153.00 -153.00
   30.00 -147.00 -146.00
   32.00 -152.00 -153.00
   32.00 -153.00 -149.00
   32.00 -152.00 -151.00
   45.00 -150.00 -150.00
   70.00 -151.00 -134.00
   94.00 -148.00 -126.00
  134.00 -147.00 -118.00
  181.00 -105.00  -56.00
  161.00  -41.00   13.00
  218.00  -56.00  -24.00
  219.00  -71.00   -6.00
  220.00  -80.00  -30.00
  211.00  -72.00  -45.00
  176.00 -144.00 -122.00
  210.00  -46.00    2.00
  191.00    1.00   76.00
  192.00   32.00  107.00
  178.00   19.00   84.00
  214.00  -29.00   -8.00
  212.00  -20.00   -3.00
  324.00  -49.00    9.00
  511.00 -112.00 -124.00
    0.00  -11.00  -18.00
   16.00    8.00  -46.00
   -4.00   -3.00  -13.00
    1.00    2.00  -20.00
  440.00  -90.00 -142.00
  219.00 -130.00   64.00
  224.00 -241.00    3.00
  200.00 -163.00  -94.00
  173.00 -123.00  -75.00
  173.00 -120.00  -82.00
  181.00 -117.00  -83.00
  171.00 -120.00  -83.00
  172.00 -118.00  -87.00
  169.00 -117.00  -82.00
  170.00 -117.00  -80.00
  174.00 -116.00  -82.00
  180.00 -110.00  -76.00
  189.00 -108.00  -67.00
  186.00 -106.00  -64.00
  192.00  -99.00  -56.00
  194.00  -97.00  -58.00
  188.00  -96.00  -59.00
  197.00  -98.00  -63.00
  200.00  -99.00  -65.00
  173.00  -88.00  -75.00
  180.00  -78.00  -83.00
  302.00 -160.00 -116.00
  511.00 -281.00 -387.00
   22.00   10.00  -31.00
   19.00    6.00  -33.00
   12.00    1.00  -23.00
   17.00    5.00  -16.00
  137.00 -107.00  -68.00
  473.00 -246.00 -244.00
  262.00  -46.00  -70.00
  211.00  -34.00  -88.00
  216.00  -17.00  -70.00
  210.00  -16.00  -83.00
  204.00  -16.00  -67.00
  222.00  -24.00  -65.00
  353.00  -92.00  -51.00
  511.00 -162.00 -207.00
   44.00   12.00  -38.00
   47.00   21.00  -62.00
   -1.00   -8.00   -8.00
   -8.00   -4.00  -14.00
  184.00 -226.00 -170.00
  313.00 -220.00  -71.00
  401.00 -182.00  -57.00
  201.00   18.00  -81.00
  203.00  -31.00  -70.00
  220.00  -41.00  -63.00
  205.00  -24.00  -62.00
  221.00  -45.00  -54.00
  261.00  -48.00    8.00
  227.00  -13.00   37.00
  169.00   11.00   89.00
  192.00   43.00  133.00
  163.00   21.00  149.00
  174.00   21.00  156.00
  141.00    4.00  129.00
  133.00   18.00  221.00
  209.00    2.00  140.00
  250.00  -60.00   33.00
  243.00  -65.00   51.00
  342.00  -91.00  104.00
  136.00  -27.00   56.00
  -20.00  -43.00  -35.00
   52.00  -56.00   96.00
   65.00  -29.00  222.00
   86.00   20.00  231.00
   26.00   89.00  296.00
  -35.00   90.00  235.00
  -98.00   72.00  122.00
 -133.00   91.00   70.00
 -220.00   91.00   37.00
 -136.00   45.00   25.00
 -180.00   58.00   49.00
 -180.00   61.00   56.00
 -174.00   63.00   58.00
 -176.00   62.00   57.00
 -177.00   62.00   57.00
 -177.00   62.00   57.00
 -176.00   62.00   57.00
 -176.00   62.00   58.00
 -176.00   61.00   57.00
 -177.00   61.00   57.00
 -177.00   61.00   57.00
 -177.00   61.00   57.00
 -176.00   61.00   57.00
 -177.00   61.00   57.00
 -177.00   61.00   57.00
 -177.00   61.00   57.00
 -177.00   61.00   57.00
 -177.00   61.00   57.00
 -177.00   61.00   57.00
 -177.00   61.00   57.00
 -177.00   60.00   57.00
 -177.00   60.00   57.00
 -177.00   60.00   57.00
 -177.00   60.00   56.00
 -178.00   60.00   56.00
 -178.00   60.00   56.00
 -177.00   60.00   56.00
 -177.00   60.00   57.00
 -178.00   59.00   56.00
 -178.00   60.00   56.00
 -178.00   60.00   56.00
 -178.00   60.00   56.00
 -178.00   60.00   56.00
 -178.00   60.00   56.00
 -178.00   59.00   56.00
 -178.00   59.00   56.00
 -178.00   59.00   56.00
 -178.00   60.00   56.00
 -178.00   59.00   56.00
 -178.00   59.00   56.00
 -178.00   59.00   56.00
 -177.00   59.00   56.00
