  224.00  -27.00   -1.00
  225.00  -27.00   -1.00
  225.00  -27.00   -2.00
  225.00  -27.00   -2.00
  225.00  -27.00   -2.00
  225.00  -27.00   -1.00
  224.00  -27.00   -1.00
  225.00  -27.00   -2.00
  224.00  -27.00   -2.00
  225.00  -27.00   -1.00
  224.00  -27.00   -2.00
  225.00  -27.00   -1.00
  225.00  -27.00   -2.00
  225.00  -27.00   -2.00
  225.00  -27.00   -1.00
  225.00  -27.00   -1.00
  225.00  -27.00   -1.00
  225.00  -27.00   -2.00
  225.00  -27.00   -1.00
  225.00  -27.00   -1.00
  225.00  -27.00   -1.00
  224.00  -27.00   -1.00
  224.00  -27.00   -1.00
  225.00  -27.00   -2.00
  225.00  -27.00   -1.00
  224.00  -27.00   -2.00
  224.00  -27.00   -2.00
  224.00  -27.00   -2.00
  224.00  -27.00   -1.00
  224.00  -27.00   -2.00
  225.00  -27.00   -2.00
  224.00  -27.00   -2.00
  225.00  -27.00   -1.00
  225.00  -27.00   -1.00
  225.00  -27.00   -1.00
  225.00  -27.00   -1.00
  225.00  -27.00   -2.00
  224.00  -27.00   -2.00
  225.00  -27.00   -2.00
  225.00  -27.00   -1.00
  225.00  -27.00   -1.00
  225.00  -27.00   -2.00
  225.00  -27.00   -1.00
  224.00  -27.00   -2.00
  225.00  -27.00   -2.00
  225.00  -27.00   -1.00
  225.00  -27.00   -1.00
  224.00  -27.00   -2.00
  225.00  -27.00   -1.00
  225.00  -27.00   -1.00
  225.00  -27.00   -1.00
  225.00  -27.00   -1.00
  225.00  -27.00   -1.00
  225.00  -27.00   -1.00
  225.00  -27.00   -1.00
  225.00  -27.00   -1.00
  225.00  -27.00   -1.00
  225.00  -27.00   -2.00
  225.00  -27.00   -2.00
  225.00  -27.00   -1.00
  225.00  -27.00   -1.00
  225.00  -27.00   -1.00
  225.00  -27.00   -1.00
  224.00  -27.00   -2.00
  225.00  -27.00   -1.00
  225.00  -27.00   -1.00
  224.00  -27.00   -2.00
  225.00  -27.00   -2.00
  225.00  -27.00   -2.00
  225.00  -27.00   -1.00
  225.00  -27.00   -1.00
  224.00  -27.00   -1.00
  225.00  -27.00   -2.00
  225.00  -27.00   -1.00
  225.00  -27.00   -1.00
  225.00  -27.00   -1.00
  224.00  -27.00   -1.00
  224.00  -27.00   -2.00
  225.00  -27.00   -1.00
  225.00  -27.00   -1.00
  224.00  -27.00   -1.00
  225.00  -27.00   -2.00
  221.00  -27.00   -1.00
  225.00  -27.00   -1.00
  226.00  -27.00   -1.00
  224.00  -27.00   -1.00
  224.00  -27.00   -1.00
  224.00  -27.00   -1.00
  225.00  -27.00   -1.00
  225.00  -27.00   -1.00
  225.00  -27.00   -1.00
  225.00  -27.00   -1.00
  225.00  -27.00   -1.00
  225.00  -27.00   -1.00
  225.00  -27.00   -1.00
  225.00  -27.00   -1.00
  225.00  -27.00   -1.00
  224.00  -27.00   -1.00
  225.00  -28.00   -5.00
  225.00  -28.00   -3.00
  225.00  -29.00   -5.00
  225.00  -28.00   -6.00
  225.00  -24.00   -4.00
  225.00  -24.00   -2.00
  225.00  -29.00   -4.00
  225.00  -30.00   -3.00
  220.00  -30.00   -8.00
  223.00  -33.00  -16.00
  224.00  -32.00  -10.00
  224.00  -34.00  -20.00
  222.00  -39.00  -18.00
  222.00  -40.00  -18.00
  219.00  -47.00  -27.00
  221.00  -45.00  -26.00
  222.00  -40.00  -14.00
  225.00  -37.00  -12.00
  222.00  -31.00    1.00
  226.00  -28.00   -3.00
  224.00  -26.00    1.00
  223.00  -22.00    3.00
  224.00  -19.00   11.00
  225.00  -16.00   15.00
  233.00  -17.00   15.00
  224.00  -10.00   10.00
  228.00  -10.00   11.00
  226.00   -7.00    8.00
  225.00   -4.00    6.00
  228.00   -1.00    6.00
  224.00    1.00    8.00
  226.00    1.00    9.00
  226.00    5.00    8.00
  226.00    6.00   10.00
  224.00   10.00   13.00
  228.00    6.00   17.00
  222.00    8.00   22.00
  224.00    7.00   25.00
  226.00    5.00   28.00
  224.00    6.00   31.00
  226.00    1.00   30.00
  225.00   -3.00   33.00
  224.00   -6.00   32.00
  224.00  -11.00   29.00
  224.00  -16.00   27.00
  222.00  -19.00   27.00
  224.00  -21.00   23.00
  224.00  -21.00   20.00
  224.00  -24.00   16.00
  224.00  -23.00   12.00
  224.00  -25.00    8.00
  223.00  -24.00    6.00
  226.00  -25.00   -1.00
  225.00  -27.00    1.00
  226.00  -30.00  -12.00
  225.00  -27.00  -13.00
  227.00  -26.00  -17.00
  227.00  -21.00  -21.00
  226.00  -16.00  -25.00
  228.00  -13.00  -24.00
  226.00   -5.00  -18.00
  229.00   -2.00  -12.00
  227.00    2.00   -7.00
  224.00    0.00   -1.00
  225.00   -1.00    4.00
  228.00   -1.00   11.00
  229.00   -4.00   14.00
  232.00   -7.00   20.00
  223.00   -6.00   24.00
  227.00   -8.00   31.00
  225.00  -13.00   33.00
  220.00  -13.00   36.00
  222.00  -21.00   37.00
  219.00  -26.00   33.00
  220.00  -29.00   30.00
  224.00  -37.00   27.00
  224.00  -41.00   22.00
  224.00  -41.00   18.00
  224.00  -43.00   10.00
  224.00  -45.00    4.00
  224.00  -45.00    0.00
  220.00  -46.00   -4.00
  224.00  -55.00  -14.00
  220.00  -54.00  -16.00
  216.00  -56.00  -21.00
  212.00  -60.00  -25.00
  215.00  -66.00  -30.00
  214.00  -68.00  -29.00
  213.00  -67.00  -31.00
  214.00  -69.00  -32.00
  213.00  -64.00  -32.00
  215.00  -53.00  -24.00
  220.00  -53.00  -28.00
  218.00  -46.00  -27.00
  218.00  -49.00  -30.00
  213.00  -48.00  -37.00
  220.00  -54.00  -40.00
  218.00  -46.00  -33.00
  220.00  -44.00  -34.00
  220.00  -38.00  -31.00
  224.00  -37.00  -42.00
  218.00  -35.00  -45.00
  216.00  -37.00  -50.00
  216.00  -40.00  -49.00
  214.00  -45.00  -43.00
  216.00  -51.00  -41.00
  218.00  -54.00  -38.00
  216.00  -55.00  -30.00
  212.00  -48.00  -22.00
  221.00  -52.00  -15.00
  218.00  -48.00  -11.00
  218.00  -47.00   -7.00
  220.00  -47.00   -2.00
  225.00  -46.00    1.00
  221.00  -41.00    7.00
  224.00  -39.00   14.00
  220.00  -32.00   17.00
  224.00  -35.00   23.00
  223.00  -30.00   26.00
  218.00  -24.00   29.00
  221.00  -21.00   31.00
  223.00  -17.00   36.00
  220.00  -10.00   41.00
  214.00    0.00   48.00
  216.00    0.00   53.00
  219.00    1.00   52.00
  216.00    3.00   60.00
  211.00    8.00   70.00
  210.00   12.00   82.00
  209.00   14.00   76.00
  216.00   11.00   67.00
  214.00   10.00   55.00
  223.00    7.00   49.00
  224.00    6.00   39.00
  224.00    3.00   34.00
  229.00   -3.00   24.00
  226.00  -15.00    9.00
  224.00  -30.00    0.00
  220.00  -38.00    4.00
  218.00  -42.00    2.00
  229.00  -34.00   -8.00
  226.00  -26.00   -3.00
  226.00  -18.00    5.00
  226.00  -12.00   20.00
  224.00   -4.00   29.00
  224.00   -3.00   30.00
  224.00   -1.00   31.00
  224.00   -2.00   31.00
  225.00   -6.00   26.00
  225.00   -9.00   23.00
  225.00   -6.00   26.00
  224.00   -4.00   28.00
  224.00   -4.00   29.00
  225.00   -9.00   23.00
  225.00  -11.00   21.00
  225.00  -10.00   23.00
  225.00  -12.00   20.00
  225.00  -11.00   21.00
  224.00  -12.00   21.00
  224.00  -12.00   21.00
  225.00  -12.00   21.00
  225.00  -13.00   19.00
 -193.00  -17.00  -27.00
 -193.00  -18.00  -27.00
 -193.00  -18.00  -28.00
 -193.00  -16.00  -27.00
 -193.00  -18.00  -27.00
 -193.00  -18.00  -27.00
 -193.00  -17.00  -27.00
 -194.00  -18.00  -29.00
 -193.00  -12.00  -27.00
 -194.00  -12.00  -26.00
 -195.00  -10.00  -25.00
 -193.00   -9.00  -22.00
 -194.00   -9.00  -25.00
 -195.00  -10.00  -27.00
 -195.00  -11.00  -29.00
 -192.00  -10.00  -28.00
 -193.00  -10.00  -28.00
 -194.00   -9.00  -28.00
 -194.00   -9.00  -27.00
 -194.00   -8.00  -27.00
 -194.00   -9.00  -27.00
 -193.00   -8.00  -27.00
 -193.00   -8.00  -26.00
 -197.00   -7.00  -23.00
 -195.00   -7.00  -25.00
 -195.00   -7.00  -25.00
 -194.00   -6.00  -24.00
 -195.00   -5.00  -23.00
 -195.00   -4.00  -22.00
 -194.00   -4.00  -22.00
 -194.00   -5.00  -24.00
 -195.00   -5.00  -25.00
 -193.00   -4.00  -23.00
 -195.00   -3.00  -24.00
 -194.00   -2.00  -24.00
 -194.00   -1.00  -23.00
 -194.00    0.00  -23.00
 -195.00    0.00  -23.00
 -195.00    1.00  -24.00
 -195.00    1.00  -25.00
 -195.00    2.00  -25.00
 -194.00    2.00  -24.00
 -195.00    2.00  -24.00
 -194.00    2.00  -24.00
 -194.00    2.00  -25.00
 -194.00    2.00  -24.00
 -194.00    1.00  -25.00
 -194.00    1.00  -25.00
 -194.00    1.00  -26.00
 -194.00    1.00  -26.00
 -194.00    1.00  -26.00
 -194.00    1.00  -25.00
 -194.00    1.00  -25.00
  226.00   18.00    7.00
  220.00   18.00   -1.00
  227.00   18.00   -1.00
  226.00   16.00   -5.00
  224.00   19.00   -9.00
  225.00   16.00   -9.00
  226.00   15.00  -10.00
  226.00   14.00  -11.00
  224.00   13.00  -11.00
  226.00   13.00  -11.00
  226.00   13.00  -12.00
  226.00   12.00  -12.00
  226.00   12.00  -12.00
  226.00   12.00  -12.00
  226.00   12.00  -12.00
  227.00   12.00  -11.00
  226.00   13.00  -12.00
  226.00   14.00  -12.00
  226.00   13.00  -13.00
  226.00   13.00  -12.00
  226.00   13.00  -13.00
  226.00   12.00  -13.00
  226.00   13.00  -12.00
  224.00   13.00  -11.00
  227.00   12.00   -8.00
  226.00   12.00   -7.00
  226.00   11.00   -5.00
  226.00   12.00   -4.00
  226.00   12.00   -4.00
  225.00   12.00   -4.00
  226.00   11.00   -4.00
  226.00   11.00   -3.00
  226.00   12.00   -2.00
  225.00   12.00    0.00
  226.00   13.00    2.00
  226.00   14.00    4.00
  228.00   15.00    4.00
  226.00   17.00    3.00
  225.00   18.00    3.00
  226.00   17.00    2.00
  225.00   18.00   -1.00
  226.00   16.00   -1.00
  226.00   16.00   -3.00
  226.00   15.00   -4.00
  225.00   15.00   -4.00
  226.00   15.00   -5.00
  225.00   16.00   -6.00
  227.00   16.00   -6.00
  227.00   16.00   -6.00
  226.00   16.00   -5.00
  225.00   17.00   -6.00
  226.00   17.00   -6.00
  226.00   17.00   -6.00
  226.00   16.00   -8.00
  226.00   16.00   -8.00
  226.00   15.00   -9.00
  227.00   15.00   -9.00
  228.00   14.00   -9.00
  226.00   14.00  -11.00
  226.00   15.00  -12.00
  226.00   14.00  -13.00
  226.00   14.00  -13.00
  225.00   15.00  -15.00
  225.00   15.00  -14.00
  225.00   14.00  -14.00
  227.00   14.00  -14.00
  226.00   15.00  -15.00
  226.00   16.00  -15.00
  226.00   16.00  -15.00
  226.00   16.00  -15.00
  225.00   16.00  -15.00
  226.00   16.00  -16.00
  224.00   16.00  -17.00
  226.00   16.00  -16.00
  226.00   16.00  -18.00
  224.00   15.00  -19.00
  226.00   15.00  -19.00
  226.00   15.00  -19.00
  226.00   15.00  -19.00
  225.00   15.00  -19.00
  224.00   16.00  -19.00
  226.00   16.00  -18.00
  226.00   17.00  -17.00
  225.00   17.00  -15.00
  225.00   18.00  -10.00
  226.00   21.00   -7.00
  224.00   20.00   -4.00
  227.00   19.00   -4.00
  232.00   26.00   -2.00
  220.00   11.00   -7.00
  224.00    9.00   -7.00
  228.00    9.00   -7.00
  226.00   13.00  -10.00
  229.00   14.00  -10.00
  226.00   14.00  -10.00
  226.00   12.00  -11.00
  225.00   14.00  -10.00
  226.00   13.00  -11.00
