    6.00   -2.00  209.00
    7.00   -1.00  210.00
    6.00   -1.00  210.00
    7.00   -1.00  210.00
    7.00   -1.00  210.00
    6.00   -2.00  209.00
    6.00   -2.00  209.00
    7.00   -1.00  210.00
    6.00   -1.00  210.00
    6.00   -2.00  210.00
    6.00   -2.00  209.00
    6.00   -2.00  210.00
    6.00   -2.00  209.00
    6.00   -2.00  210.00
    6.00   -2.00  209.00
    7.00   -1.00  210.00
    6.00   -2.00  209.00
    6.00   -2.00  209.00
    6.00   -2.00  210.00
    6.00   -2.00  210.00
    6.00   -2.00  209.00
    6.00   -2.00  210.00
    6.00   -2.00  210.00
    6.00   -2.00  210.00
    6.00   -2.00  209.00
    7.00   -2.00  210.00
    7.00   -1.00  210.00
    7.00   -2.00  210.00
    6.00   -1.00  209.00
    6.00   -1.00  210.00
    6.00   -2.00  210.00
    7.00   -2.00  210.00
    6.00   -2.00  209.00
    6.00   -2.00  209.00
    6.00   -2.00  210.00
    6.00   -1.00  210.00
    6.00   -1.00  210.00
    6.00   -1.00  210.00
    6.00   -2.00  209.00
    6.00   -2.00  210.00
    7.00   -2.00  210.00
    6.00   -2.00  209.00
    6.00   -1.00  210.00
    6.00   -2.00  209.00
    6.00   -1.00  209.00
    6.00   -1.00  209.00
    6.00   -2.00  209.00
    6.00   -2.00  210.00
    7.00   -2.00  210.00
    6.00   -1.00  210.00
    6.00   -2.00  210.00
    6.00   -2.00  209.00
    6.00   -1.00  209.00
    7.00   -2.00  210.00
    6.00   -2.00  209.00
    6.00   -2.00  209.00
    6.00   -2.00  210.00
    6.00   -1.00  209.00
    7.00   -1.00  210.00
    6.00   -1.00  210.00
    6.00   -2.00  210.00
    6.00   -2.00  210.00
    6.00   -1.00  209.00
    7.00   -1.00  210.00
    6.00   -1.00  210.00
    6.00   -1.00  209.00
    6.00   -1.00  209.00
    6.00   -2.00  210.00
    6.00   -2.00  209.00
    6.00   -2.00  210.00
    6.00   -2.00  209.00
    6.00   -1.00  209.00
    6.00   -1.00  210.00
    6.00   -1.00  210.00
    7.00   -1.00  210.00
    6.00   -2.00  209.00
    6.00   -2.00  209.00
    6.00   -2.00  210.00
    6.00   -1.00  210.00
    6.00   -2.00  210.00
    6.00   -2.00  209.00
    6.00   -1.00  210.00
    6.00   -2.00  209.00
    6.00   -2.00  209.00
    7.00   -1.00  210.00
    6.00   -2.00  210.00
    6.00   -2.00  209.00
    6.00   -2.00  209.00
    6.00   -2.00  210.00
    7.00   -2.00  209.00
    7.00   -1.00  210.00
    6.00   -2.00  209.00
    6.00   -2.00  209.00
    6.00   -2.00  209.00
    6.00   -2.00  210.00
    7.00   -1.00  210.00
    6.00   -2.00  209.00
    6.00   -2.00  209.00
    6.00   -2.00  209.00
    6.00   -2.00  209.00
    6.00   -2.00  209.00
    6.00   -1.00  210.00
    6.00   -2.00  210.00
    6.00   -2.00  210.00
    6.00   -2.00  210.00
    7.00   -2.00  210.00
    6.00   -1.00  210.00
    6.00   -2.00  209.00
    6.00   -2.00  209.00
    6.00   -2.00  209.00
    6.00   -1.00  210.00
    6.00   -2.00  209.00
    7.00   -1.00  210.00
    6.00   -2.00  209.00
    6.00   -2.00  210.00
    6.00   -2.00  210.00
    6.00   -2.00  210.00
    6.00   -2.00  210.00
    6.00   -2.00  209.00
    6.00   -1.00  209.00
    0.00    2.00  220.00
    7.00    0.00  206.00
    6.00   -2.00  210.00
    6.00   -2.00  209.00
    6.00   -1.00  209.00
    6.00   -1.00  209.00
    6.00   -2.00  209.00
    7.00   -2.00  210.00
    7.00   -2.00  210.00
    6.00   -2.00  209.00
    6.00   -2.00  209.00
    6.00   -2.00  210.00
    6.00   -2.00  209.00
    6.00   -2.00  210.00
    7.00   -1.00  210.00
    6.00   -2.00  210.00
    6.00   -2.00  210.00
    6.00   -2.00  209.00
    6.00   -2.00  210.00
    9.00   -1.00  209.00
    6.00   -2.00  210.00
    6.00   -2.00  209.00
    6.00   -2.00  210.00
    7.00   -1.00  210.00
    6.00   -2.00  210.00
    6.00   -2.00  210.00
    6.00   -2.00  210.00
    6.00   -2.00  209.00
   12.00    2.00  210.00
    7.00   -4.00  210.00
    4.00   -4.00  212.00
    5.00   -5.00  210.00
    5.00   -3.00  206.00
    7.00   -4.00  210.00
    5.00   -2.00  204.00
    6.00   -1.00  213.00
    7.00   -3.00  214.00
    9.00   -6.00  210.00
    6.00  -11.00  204.00
    7.00   -9.00  209.00
    6.00  -12.00  207.00
    6.00   -9.00  209.00
   11.00   -8.00  214.00
    9.00  -12.00  205.00
   11.00  -12.00  207.00
    8.00  -14.00  208.00
   11.00  -11.00  206.00
    9.00   -8.00  213.00
    9.00   -9.00  212.00
   10.00  -11.00  213.00
    8.00   -9.00  212.00
    9.00  -11.00  211.00
    8.00  -11.00  214.00
   11.00  -15.00  213.00
   11.00  -16.00  210.00
   14.00  -16.00  211.00
   11.00  -22.00  208.00
   16.00  -23.00  209.00
   15.00  -24.00  205.00
   18.00  -27.00  208.00
   22.00  -27.00  210.00
   21.00  -27.00  208.00
   25.00  -29.00  205.00
   22.00  -30.00  207.00
   28.00  -31.00  207.00
   28.00  -30.00  204.00
   27.00  -35.00  206.00
   26.00  -40.00  202.00
   28.00  -38.00  204.00
   27.00  -39.00  205.00
   26.00  -42.00  202.00
   22.00  -46.00  204.00
   24.00  -43.00  202.00
   21.00  -47.00  201.00
   22.00  -50.00  203.00
   23.00  -52.00  202.00
   24.00  -53.00  203.00
   23.00  -54.00  199.00
   21.00  -56.00  201.00
   26.00  -58.00  202.00
   27.00  -57.00  203.00
   31.00  -61.00  201.00
   32.00  -63.00  201.00
   35.00  -63.00  201.00
   38.00  -64.00  198.00
   40.00  -65.00  195.00
   42.00  -65.00  199.00
   43.00  -64.00  199.00
   46.00  -63.00  199.00
   49.00  -60.00  199.00
   47.00  -62.00  197.00
   51.00  -58.00  198.00
   51.00  -50.00  202.00
   52.00  -46.00  199.00
   52.00  -47.00  200.00
   50.00  -45.00  202.00
   44.00  -41.00  201.00
   38.00  -39.00  205.00
   35.00  -37.00  204.00
   32.00  -37.00  206.00
   29.00  -35.00  205.00
   25.00  -33.00  205.00
   22.00  -33.00  208.00
   17.00  -33.00  205.00
   14.00  -28.00  208.00
   10.00  -26.00  209.00
    5.00  -25.00  206.00
    2.00  -26.00  208.00
    0.00  -24.00  209.00
   -3.00  -20.00  207.00
   -6.00  -17.00  206.00
   -7.00  -15.00  209.00
  -12.00  -14.00  209.00
  -14.00  -16.00  210.00
  -15.00  -16.00  207.00
  -18.00  -16.00  206.00
  -18.00  -16.00  205.00
  -22.00  -15.00  204.00
  -23.00  -15.00  205.00
  -26.00  -13.00  204.00
  -30.00  -14.00  204.00
  -30.00  -14.00  204.00
  -31.00  -12.00  204.00
  -28.00   -7.00  204.00
  -25.00   -5.00  205.00
  -21.00   -3.00  208.00
  -15.00   -3.00  209.00
  -10.00    0.00  210.00
   -3.00    2.00  207.00
    3.00    1.00  211.00
    6.00    2.00  208.00
   10.00    1.00  209.00
   14.00   -2.00  209.00
   17.00   -4.00  210.00
   17.00   -6.00  207.00
   19.00   -8.00  208.00
   16.00  -12.00  206.00
   19.00  -13.00  213.00
   18.00  -14.00  209.00
   16.00  -17.00  210.00
   17.00  -19.00  210.00
   16.00  -19.00  208.00
   17.00  -18.00  208.00
   17.00  -18.00  210.00
   15.00  -15.00  210.00
   18.00  -17.00  211.00
   17.00  -15.00  210.00
   17.00  -15.00  212.00
   14.00  -15.00  213.00
   18.00  -16.00  210.00
   16.00  -14.00  212.00
   18.00  -19.00  209.00
   16.00  -21.00  208.00
   14.00  -24.00  201.00
   16.00  -27.00  205.00
   16.00  -27.00  206.00
   20.00  -28.00  208.00
   24.00  -32.00  210.00
   27.00  -37.00  205.00
   30.00  -38.00  204.00
   28.00  -38.00  204.00
   32.00  -41.00  206.00
   30.00  -41.00  205.00
   29.00  -41.00  205.00
   31.00  -41.00  205.00
   27.00  -43.00  207.00
   25.00  -48.00  203.00
   24.00  -48.00  204.00
   24.00  -51.00  202.00
   24.00  -52.00  201.00
   21.00  -53.00  200.00
   21.00  -55.00  200.00
   20.00  -53.00  202.00
   18.00  -52.00  201.00
   16.00  -50.00  201.00
   17.00  -48.00  206.00
   16.00  -36.00  198.00
    8.00  -28.00  214.00
   14.00  -24.00  211.00
   19.00  -18.00  202.00
   26.00  -23.00  211.00
   17.00  -20.00  206.00
   17.00  -13.00  204.00
   18.00  -13.00  211.00
   20.00  -16.00  211.00
   19.00  -15.00  210.00
   20.00  -16.00  209.00
   20.00  -11.00  209.00
   21.00  -16.00  209.00
   21.00  -13.00  209.00
   22.00  -14.00  210.00
   24.00  -14.00  209.00
   21.00  -14.00  209.00
   22.00  -13.00  209.00
   22.00  -13.00  209.00
   23.00  -14.00  208.00
    4.00    9.00 -221.00
    4.00    9.00 -220.00
    4.00    9.00 -221.00
    3.00    9.00 -221.00
    5.00    8.00 -221.00
    4.00   11.00 -219.00
   -2.00   -3.00 -222.00
    4.00   11.00 -222.00
    4.00   10.00 -220.00
   10.00   10.00 -221.00
    4.00    9.00 -220.00
    7.00    7.00 -221.00
    4.00    7.00 -220.00
    5.00    6.00 -221.00
    4.00    7.00 -220.00
    4.00    6.00 -220.00
    5.00    4.00 -221.00
    5.00    3.00 -221.00
    6.00    2.00 -221.00
    7.00    2.00 -221.00
    9.00    1.00 -221.00
   10.00    0.00 -221.00
   10.00   -1.00 -220.00
   10.00    0.00 -221.00
   10.00    1.00 -221.00
    9.00    2.00 -221.00
    8.00    2.00 -221.00
    8.00    2.00 -221.00
    8.00    1.00 -221.00
    8.00    1.00 -221.00
    9.00    0.00 -221.00
    9.00    0.00 -221.00
    9.00    0.00 -221.00
   10.00    0.00 -221.00
   10.00    0.00 -221.00
   10.00   -1.00 -221.00
   10.00   -1.00 -221.00
   10.00   -1.00 -221.00
   10.00   -1.00 -221.00
   10.00   -1.00 -221.00
    8.00   -2.00 -221.00
    6.00    0.00 -220.00
    4.00   -1.00 -222.00
    0.00    0.00 -220.00
   -1.00    0.00 -220.00
    0.00   -1.00 -221.00
    0.00    0.00 -220.00
    2.00    1.00 -220.00
    3.00    1.00 -221.00
    4.00    0.00 -221.00
    4.00    0.00 -221.00
    4.00    0.00 -221.00
    4.00    0.00 -220.00
    4.00    0.00 -221.00
    4.00    0.00 -221.00
    4.00    0.00 -221.00
    4.00    0.00 -221.00
    5.00    0.00 -221.00
    4.00    0.00 -221.00
    4.00    0.00 -221.00
    4.00    0.00 -221.00
    4.00    0.00 -220.00
    4.00    0.00 -220.00
    4.00    0.00 -221.00
    5.00    0.00 -221.00
  -19.00  -27.00  222.00
  -16.00  -18.00  210.00
  -13.00  -17.00  209.00
  -11.00  -16.00  207.00
  -14.00  -17.00  206.00
  -13.00  -16.00  207.00
  -14.00  -16.00  206.00
  -14.00  -15.00  207.00
  -15.00  -15.00  207.00
  -13.00  -15.00  205.00
  -13.00  -13.00  207.00
  -14.00  -12.00  207.00
  -15.00  -12.00  207.00
  -14.00  -12.00  207.00
  -14.00  -12.00  207.00
  -14.00  -11.00  206.00
  -14.00  -11.00  207.00
  -15.00  -11.00  207.00
  -15.00  -11.00  206.00
  -14.00  -11.00  206.00
  -15.00  -10.00  207.00
  -15.00  -10.00  207.00
  -15.00  -10.00  207.00
  -15.00  -10.00  207.00
  -15.00  -10.00  206.00
  -15.00  -10.00  207.00
  -15.00  -10.00  207.00
  -15.00  -10.00  206.00
  -15.00  -10.00  207.00
  -15.00  -10.00  207.00
  -16.00  -10.00  207.00
  -14.00  -10.00  207.00
  -11.00  -11.00  207.00
  -11.00  -11.00  207.00
   -8.00  -11.00  207.00
   -7.00  -11.00  208.00
   -6.00  -11.00  208.00
   -4.00  -11.00  208.00
   -2.00  -12.00  208.00
    1.00  -13.00  208.00
    0.00  -13.00  208.00
    4.00  -14.00  208.00
    8.00  -13.00  209.00
    9.00  -14.00  208.00
   11.00  -14.00  208.00
   11.00  -14.00  209.00
   12.00  -13.00  210.00
   15.00  -14.00  208.00
   15.00  -15.00  209.00
   16.00  -14.00  208.00
   16.00  -14.00  208.00
   16.00  -14.00  208.00
   17.00  -14.00  209.00
   17.00  -14.00  209.00
   17.00  -14.00  208.00
   17.00  -14.00  209.00
   16.00  -14.00  209.00
   16.00  -14.00  209.00
   16.00  -14.00  209.00
   16.00  -14.00  208.00
   16.00  -14.00  208.00
   16.00  -14.00  209.00
   15.00  -13.00  209.00
   16.00  -13.00  209.00
   15.00  -14.00  208.00
   14.00  -15.00  207.00
   16.00  -12.00  208.00
   15.00  -11.00  209.00
   13.00  -12.00  208.00
   10.00   -8.00  211.00
    0.00  -22.00  198.00
   16.00   -7.00  211.00
   14.00  -10.00  209.00
   15.00  -10.00  206.00
   20.00   -5.00  203.00
   20.00   -6.00  208.00
   18.00   -6.00  209.00
   20.00   -6.00  207.00
   18.00   -6.00  209.00
   17.00   -6.00  209.00
   17.00   -4.00  209.00
   16.00   -4.00  209.00
