  222.00   23.00   39.00
  220.00   23.00   40.00
  223.00   23.00   40.00
  222.00   23.00   40.00
  222.00   23.00   39.00
  222.00   23.00   39.00
  222.00   23.00   39.00
  222.00   23.00   39.00
  222.00   24.00   40.00
  222.00   23.00   39.00
  221.00   23.00   39.00
  222.00   23.00   40.00
  222.00   24.00   40.00
  222.00   23.00   39.00
  222.00   23.00   39.00
  222.00   23.00   39.00
  222.00   23.00   40.00
  222.00   24.00   40.00
  222.00   24.00   39.00
  222.00   23.00   39.00
  222.00   23.00   40.00
  222.00   24.00   40.00
  222.00   24.00   40.00
  222.00   23.00   39.00
  222.00   23.00   39.00
  222.00   23.00   39.00
  222.00   23.00   40.00
  222.00   24.00   40.00
  222.00   23.00   39.00
  222.00   23.00   39.00
  222.00   23.00   39.00
  222.00   24.00   40.00
  222.00   23.00   39.00
  222.00   23.00   39.00
  223.00   24.00   40.00
  222.00   24.00   40.00
  222.00   24.00   40.00
  222.00   24.00   40.00
  222.00   23.00   39.00
  222.00   23.00   39.00
  222.00   23.00   39.00
  222.00   23.00   39.00
  222.00   24.00   40.00
  222.00   23.00   39.00
  222.00   23.00   39.00
  222.00   23.00   39.00
  222.00   23.00   40.00
  222.00   23.00   39.00
  222.00   23.00   39.00
  222.00   23.00   39.00
  222.00   23.00   39.00
  222.00   24.00   40.00
  222.00   23.00   39.00
  222.00   23.00   40.00
  222.00   23.00   39.00
  222.00   23.00   40.00
  222.00   23.00   40.00
  222.00   23.00   39.00
  222.00   23.00   39.00
  222.00   23.00   39.00
  222.00   24.00   39.00
  222.00   23.00   39.00
  222.00   23.00   39.00
  222.00   23.00   39.00
  222.00   23.00   40.00
  222.00   23.00   39.00
  222.00   23.00   39.00
  222.00   23.00   39.00
  221.00   23.00   39.00
  222.00   23.00   39.00
  222.00   23.00   39.00
  222.00   23.00   39.00
  222.00   23.00   39.00
  222.00   23.00   39.00
  222.00   23.00   39.00
  222.00   23.00   39.00
  222.00   23.00   39.00
  222.00   23.00   39.00
  222.00   23.00   39.00
  222.00   23.00   39.00
  221.00   23.00   39.00
  222.00   23.00   39.00
  222.00   23.00   39.00
  222.00   23.00   39.00
  222.00   23.00   39.00
  222.00   23.00   39.00
  222.00   23.00   40.00
  222.00   23.00   39.00
  222.00   23.00   39.00
  222.00   23.00   39.00
  222.00   23.00   40.00
  222.00   23.00   39.00
  222.00   23.00   39.00
  222.00   23.00   40.00
  221.00   23.00   39.00
  222.00   23.00   39.00
  222.00   23.00   39.00
  222.00   24.00   40.00
  222.00   23.00   40.00
  222.00   24.00   40.00
  222.00   24.00   40.00
  222.00   24.00   40.00
  222.00   23.00   40.00
  222.00   23.00   40.00
  222.00   24.00   40.00
  222.00   24.00   40.00
  222.00   24.00   40.00
  222.00   23.00   40.00
  222.00   23.00   39.00
  222.00   23.00   39.00
  222.00   23.00   39.00
  222.00   23.00   40.00
  222.00   23.00   39.00
  222.00   23.00   39.00
  222.00   23.00   40.00
  222.00   24.00   40.00
  222.00   23.00   39.00
  222.00   23.00   40.00
  222.00   23.00   39.00
  222.00   23.00   39.00
  222.00   23.00   40.00
  222.00   24.00   40.00
  222.00   23.00   39.00
  222.00   23.00   39.00
  222.00   24.00   40.00
  222.00   23.00   40.00
  222.00   23.00   40.00
  223.00   24.00   40.00
  222.00   23.00   39.00
  222.00   23.00   39.00
  222.00   23.00   39.00
  222.00   23.00   39.00
  222.00   24.00   40.00
  222.00   23.00   39.00
  223.00   24.00   40.00
  222.00   24.00   39.00
  222.00   23.00   40.00
  222.00   23.00   39.00
  222.00   23.00   39.00
  222.00   23.00   39.00
  222.00   23.00   39.00
  222.00   23.00   39.00
  222.00   23.00   39.00
  222.00   23.00   39.00
  222.00   23.00   39.00
  222.00   23.00   40.00
  222.00   23.00   39.00
  221.00   23.00   39.00
  222.00   23.00   39.00
  222.00   23.00   40.00
  222.00   23.00   39.00
  222.00   23.00   39.00
  222.00   23.00   39.00
  222.00   23.00   39.00
  222.00   23.00   40.00
  222.00   23.00   39.00
  222.00   23.00   40.00
  222.00   23.00   39.00
  222.00   23.00   39.00
  222.00   23.00   39.00
  222.00   23.00   39.00
  222.00   24.00   40.00
  222.00   23.00   39.00
  222.00   23.00   39.00
  222.00   23.00   40.00
  222.00   23.00   40.00
  222.00   23.00   39.00
  222.00   23.00   39.00
  222.00   23.00   39.00
  222.00   24.00   40.00
  222.00   23.00   39.00
  222.00   23.00   39.00
  222.00   23.00   39.00
  222.00   23.00   39.00
  222.00   23.00   39.00
  222.00   23.00   39.00
  221.00   23.00   39.00
  222.00   23.00   39.00
  222.00   23.00   39.00
  222.00   23.00   39.00
  222.00   23.00   39.00
  222.00   23.00   39.00
  222.00   23.00   39.00
  222.00   23.00   39.00
  222.00   23.00   39.00
  222.00   23.00   39.00
  222.00   23.00   39.00
  221.00   23.00   39.00
  222.00   23.00   40.00
  222.00   24.00   40.00
  222.00   23.00   40.00
  222.00   23.00   40.00
  222.00   23.00   39.00
  222.00   23.00   39.00
  222.00   23.00   39.00
  222.00   23.00   40.00
  222.00   24.00   40.00
  222.00   23.00   39.00
  222.00   23.00   39.00
  222.00   24.00   40.00
  222.00   23.00   40.00
  222.00   24.00   40.00
  222.00   24.00   40.00
  223.00   24.00   40.00
  222.00   23.00   39.00
  223.00   24.00   40.00
  222.00   23.00   39.00
  222.00   24.00   40.00
  222.00   23.00   39.00
  222.00   24.00   40.00
  222.00   23.00   39.00
  222.00   23.00   40.00
  222.00   23.00   39.00
  222.00   23.00   39.00
  222.00   23.00   39.00
  222.00   23.00   39.00
  222.00   24.00   40.00
  222.00   23.00   39.00
  222.00   23.00   39.00
  222.00   23.00   40.00
  222.00   23.00   40.00
  222.00   23.00   40.00
  222.00   23.00   40.00
  222.00   24.00   40.00
  222.00   24.00   40.00
  222.00   23.00   39.00
  222.00   23.00   39.00
  222.00   23.00   39.00
  222.00   23.00   39.00
  222.00   24.00   40.00
  222.00   23.00   40.00
  222.00   23.00   39.00
  222.00   23.00   39.00
  222.00   24.00   40.00
  222.00   23.00   40.00
  222.00   23.00   39.00
  222.00   23.00   40.00
  222.00   23.00   39.00
  222.00   23.00   39.00
  222.00   23.00   39.00
  222.00   23.00   39.00
  222.00   23.00   39.00
  222.00   23.00   39.00
  222.00   23.00   39.00
  222.00   23.00   39.00
  222.00   23.00   39.00
  222.00   23.00   39.00
  222.00   23.00   40.00
  222.00   23.00   39.00
  222.00   23.00   39.00
  222.00   23.00   39.00
  222.00   23.00   39.00
  222.00   23.00   39.00
  222.00   24.00   40.00
  222.00   23.00   39.00
  222.00   23.00   39.00
  222.00   23.00   39.00
  222.00   23.00   40.00
  222.00   23.00   39.00
  222.00   23.00   40.00
  222.00   23.00   39.00
  222.00   23.00   39.00
  222.00   23.00   39.00
  222.00   23.00   39.00
  222.00   23.00   39.00
  222.00   23.00   39.00
  222.00   23.00   39.00
  222.00   23.00   40.00
  222.00   23.00   39.00
  222.00   23.00   40.00
  222.00   23.00   40.00
  222.00   23.00   39.00
  222.00   23.00   39.00
  222.00   23.00   39.00
  221.00   23.00   39.00
  222.00   23.00   39.00
  222.00   23.00   39.00
  222.00   23.00   39.00
  222.00   23.00   39.00
  222.00   23.00   40.00
  222.00   23.00   39.00
  222.00   23.00   39.00
  222.00   23.00   39.00
  222.00   23.00   39.00
  222.00   23.00   39.00
  222.00   23.00   40.00
  222.00   23.00   39.00
  221.00   23.00   39.00
  222.00   23.00   39.00
  222.00   24.00   40.00
  222.00   23.00   39.00
  222.00   23.00   39.00
  222.00   23.00   40.00
  222.00   23.00   40.00
  223.00   24.00   40.00
  222.00   24.00   40.00
  222.00   23.00   39.00
  222.00   23.00   40.00
  222.00   23.00   39.00
  222.00   23.00   40.00
  222.00   23.00   40.00
  222.00   23.00   39.00
  222.00   23.00   40.00
  222.00   24.00   40.00
  222.00   23.00   39.00
  222.00   23.00   40.00
  222.00   23.00   40.00
  222.00   24.00   40.00
  222.00   23.00   39.00
  222.00   24.00   40.00
  222.00   23.00   40.00
  222.00   23.00   39.00
  222.00   23.00   39.00
  222.00   23.00   40.00
  222.00   23.00   40.00
  222.00   23.00   39.00
  222.00   23.00   39.00
  222.00   23.00   39.00
  222.00   23.00   39.00
  222.00   24.00   40.00
  222.00   23.00   39.00
  222.00   23.00   39.00
  222.00   23.00   39.00
  222.00   23.00   40.00
  222.00   23.00   40.00
  222.00   23.00   39.00
  222.00   24.00   39.00
  222.00   23.00   39.00
  221.00   23.00   39.00
  222.00   23.00   39.00
  222.00   23.00   39.00
  222.00   23.00   39.00
  222.00   23.00   39.00
  222.00   23.00   40.00
  222.00   24.00   40.00
  222.00   23.00   39.00
  222.00   23.00   39.00
  222.00   24.00   40.00
  222.00   23.00   40.00
  222.00   23.00   39.00
  222.00   23.00   40.00
  222.00   24.00   40.00
  222.00   23.00   39.00
  222.00   23.00   39.00
  222.00   23.00   39.00
  222.00   23.00   39.00
  222.00   23.00   39.00
  222.00   23.00   39.00
  221.00   23.00   39.00
  222.00   23.00   39.00
  222.00   23.00   39.00
  221.00   23.00   39.00
  222.00   23.00   39.00
  222.00   23.00   39.00
  222.00   23.00   39.00
  222.00   23.00   39.00
  222.00   23.00   39.00
  222.00   23.00   39.00
  222.00   23.00   40.00
  222.00   23.00   39.00
  222.00   23.00   39.00
  222.00   23.00   39.00
  222.00   23.00   39.00
  222.00   23.00   40.00
  222.00   23.00   39.00
  222.00   23.00   39.00
  222.00   23.00   39.00
  222.00   23.00   39.00
  222.00   23.00   40.00
  222.00   24.00   40.00
  222.00   23.00   39.00
  222.00   23.00   39.00
  222.00   23.00   39.00
  222.00   23.00   39.00
  222.00   23.00   39.00
  222.00   23.00   40.00
  222.00   23.00   39.00
  222.00   23.00   39.00
  222.00   24.00   40.00
  222.00   23.00   40.00
  222.00   23.00   39.00
  222.00   23.00   38.00
  219.00   25.00   41.00
  222.00   23.00   39.00
  221.00   26.00   43.00
  217.00   40.00   54.00
  214.00   55.00   74.00
  172.00   62.00  123.00
  128.00   78.00  156.00
   55.00  100.00  172.00
  -36.00  104.00  177.00
  -82.00  119.00  148.00
 -118.00  112.00  126.00
 -112.00  116.00  139.00
  -95.00  142.00   82.00
 -132.00  137.00   58.00
 -162.00  118.00   49.00
 -174.00   92.00   16.00
 -176.00   71.00   45.00
 -183.00   63.00   33.00
 -196.00   47.00   16.00
 -183.00   55.00   16.00
 -184.00   48.00   28.00
 -171.00   71.00   44.00
 -172.00   75.00   55.00
 -173.00   79.00   54.00
 -171.00   81.00   53.00
 -170.00   82.00   52.00
 -170.00   82.00   52.00
 -170.00   82.00   52.00
 -170.00   82.00   52.00
 -170.00   82.00   52.00
 -170.00   82.00   52.00
 -170.00   82.00   52.00
 -170.00   82.00   52.00
 -170.00   82.00   52.00
 -170.00   82.00   52.00
 -170.00   82.00   52.00
 -170.00   82.00   52.00
 -170.00   82.00   53.00
 -170.00   82.00   52.00
 -170.00   82.00   52.00
 -170.00   82.00   53.00
 -170.00   82.00   53.00
 -170.00   83.00   52.00
 -170.00   82.00   52.00
 -170.00   82.00   52.00
 -170.00   82.00   52.00
 -170.00   82.00   53.00
 -170.00   82.00   52.00
 -170.00   82.00   52.00
 -170.00   82.00   53.00
 -170.00   82.00   52.00
 -170.00   82.00   52.00
 -170.00   82.00   52.00
 -170.00   82.00   52.00
 -170.00   82.00   52.00
 -170.00   82.00   52.00
 -170.00   82.00   52.00
 -170.00   82.00   52.00
 -170.00   82.00   52.00
 -170.00   82.00   52.00
 -170.00   82.00   53.00
 -170.00   82.00   53.00
 -170.00   82.00   53.00
 -170.00   82.00   52.00
 -170.00   82.00   52.00
 -170.00   82.00   52.00
 -170.00   82.00   53.00
 -170.00   82.00   53.00
 -170.00   82.00   52.00
 -170.00   82.00   52.00
 -170.00   82.00   53.00
 -170.00   82.00   53.00
 -170.00   82.00   53.00
 -170.00   82.00   52.00
 -170.00   81.00   52.00
 -170.00   82.00   52.00
 -170.00   82.00   52.00
 -170.00   82.00   53.00
 -170.00   82.00   53.00
 -170.00   82.00   53.00
 -170.00   82.00   53.00
 -170.00   82.00   52.00
 -171.00   81.00   52.00
 -170.00   81.00   53.00
 -170.00   81.00   52.00
 -170.00   81.00   53.00
 -170.00   82.00   53.00
 -170.00   81.00   52.00
 -171.00   81.00   52.00
 -170.00   81.00   53.00
 -170.00   82.00   53.00
 -170.00   82.00   53.00
 -170.00   81.00   53.00
 -170.00   82.00   53.00
 -170.00   82.00   53.00
 -170.00   82.00   53.00
 -170.00   82.00   53.00
 -170.00   82.00   53.00
 -170.00   81.00   53.00
 -170.00   82.00   53.00
 -170.00   82.00   53.00
 -170.00   82.00   53.00
 -170.00   81.00   53.00
 -170.00   81.00   52.00
 -171.00   82.00   53.00
 -170.00   82.00   53.00
 -171.00   82.00   53.00
 -171.00   81.00   52.00
 -170.00   81.00   53.00
 -170.00   81.00   53.00
 -170.00   81.00   53.00
 -170.00   82.00   53.00
 -170.00   81.00   53.00
 -171.00   81.00   53.00
 -170.00   82.00   53.00
 -170.00   81.00   53.00
 -170.00   81.00   53.00
 -171.00   81.00   53.00
 -170.00   82.00   53.00
 -170.00   81.00   53.00
 -170.00   82.00   53.00
 -170.00   82.00   53.00
 -170.00   81.00   53.00
 -171.00   81.00   53.00
 -170.00   82.00   53.00
 -170.00   82.00   53.00
 -170.00   82.00   53.00
 -170.00   81.00   53.00
 -170.00   81.00   53.00
 -171.00   81.00   53.00
 -171.00   81.00   53.00
 -170.00   81.00   53.00
 -171.00   81.00   52.00
 -171.00   81.00   53.00
 -171.00   81.00   53.00
 -171.00   81.00   53.00
 -171.00   81.00   53.00
 -166.00   85.00   47.00
 -166.00   84.00   47.00
 -167.00   83.00   54.00
 -174.00   77.00   38.00
 -178.00   80.00   40.00
 -178.00   81.00   37.00
 -187.00   72.00   15.00
 -184.00   51.00    1.00
 -190.00   -5.00  -57.00
 -146.00  -55.00 -118.00
 -129.00  -78.00 -138.00
  -93.00  -98.00 -177.00
  -31.00 -104.00 -183.00
    0.00 -141.00 -207.00
   13.00 -126.00 -174.00
   19.00 -120.00 -174.00
   17.00 -115.00 -186.00
   17.00 -107.00 -188.00
   10.00 -107.00 -189.00
   11.00 -106.00 -189.00
    6.00 -106.00 -190.00
   -4.00 -103.00 -189.00
   -6.00 -104.00 -189.00
   -5.00 -103.00 -190.00
   -6.00 -103.00 -190.00
   -7.00 -103.00 -189.00
   -7.00 -103.00 -189.00
   -7.00 -103.00 -190.00
   -8.00 -103.00 -189.00
   -7.00 -103.00 -190.00
   -8.00 -103.00 -189.00
   -8.00 -102.00 -189.00
   -9.00 -103.00 -190.00
   -9.00 -102.00 -190.00
   -9.00 -103.00 -190.00
  -10.00 -102.00 -189.00
   -9.00 -102.00 -188.00
  -10.00 -103.00 -190.00
  -10.00 -103.00 -189.00
  -10.00 -102.00 -189.00
  -10.00 -103.00 -189.00
  -10.00 -103.00 -190.00
  -10.00 -102.00 -189.00
  -10.00 -102.00 -190.00
  -10.00 -102.00 -189.00
  -10.00 -103.00 -190.00
  -10.00 -103.00 -189.00
  -10.00 -103.00 -190.00
  -10.00 -102.00 -190.00
  -10.00 -103.00 -189.00
  -10.00 -102.00 -189.00
  -11.00 -102.00 -190.00
  -10.00 -102.00 -189.00
  -11.00 -103.00 -189.00
  -10.00 -102.00 -189.00
  -11.00 -103.00 -189.00
  -11.00 -102.00 -190.00
  -11.00 -102.00 -190.00
  -10.00 -102.00 -189.00
  -10.00 -102.00 -189.00
  -11.00 -102.00 -189.00
  -11.00 -103.00 -190.00
  -11.00 -103.00 -189.00
  -11.00 -103.00 -189.00
  -11.00 -102.00 -189.00
  -11.00 -103.00 -190.00
  -11.00 -102.00 -189.00
  -11.00 -102.00 -189.00
  -11.00 -103.00 -189.00
  -11.00 -102.00 -189.00
  -11.00 -102.00 -189.00
  -11.00 -103.00 -189.00
  -12.00 -103.00 -189.00
  -11.00 -103.00 -189.00
  -11.00 -102.00 -189.00
  -11.00 -102.00 -189.00
  -12.00 -102.00 -189.00
  -12.00 -102.00 -189.00
  -12.00 -103.00 -189.00
  -12.00 -102.00 -189.00
  -12.00 -102.00 -189.00
  -11.00 -102.00 -189.00
  -11.00 -102.00 -190.00
  -11.00 -102.00 -189.00
  -11.00 -102.00 -189.00
  -12.00 -102.00 -189.00
  -12.00 -102.00 -189.00
  -11.00 -102.00 -189.00
  -11.00 -102.00 -189.00
  -12.00 -102.00 -189.00
  -11.00 -102.00 -189.00
  -12.00 -103.00 -189.00
  -12.00 -103.00 -189.00
  -12.00 -103.00 -189.00
  -11.00 -102.00 -189.00
  -12.00 -102.00 -189.00
  -11.00 -102.00 -189.00
  -12.00 -102.00 -189.00
  -12.00 -102.00 -189.00
  -12.00 -102.00 -189.00
  -12.00 -102.00 -189.00
  -12.00 -102.00 -189.00
  -12.00 -102.00 -189.00
  -12.00 -102.00 -189.00
  -11.00 -102.00 -189.00
  -11.00 -102.00 -189.00
  -12.00 -102.00 -189.00
  -12.00 -102.00 -189.00
  -12.00 -103.00 -189.00
  -12.00 -103.00 -189.00
  -12.00 -102.00 -189.00
  -12.00 -103.00 -190.00
  -12.00 -103.00 -189.00
  -12.00 -102.00 -189.00
  -12.00 -102.00 -189.00
  -12.00 -102.00 -189.00
  -12.00 -103.00 -190.00
  -12.00 -103.00 -189.00
  -12.00 -103.00 -189.00
  -12.00 -103.00 -189.00
  -12.00 -102.00 -189.00
  -12.00 -102.00 -189.00
  -12.00 -102.00 -189.00
  -12.00 -103.00 -189.00
  -12.00 -103.00 -189.00
  -12.00 -103.00 -189.00
  -12.00 -102.00 -189.00
  -12.00 -103.00 -189.00
  -12.00 -102.00 -189.00
  -12.00 -102.00 -189.00
  -12.00 -102.00 -189.00
  -12.00 -102.00 -189.00
  -12.00 -102.00 -189.00
  -12.00 -102.00 -189.00
  -12.00 -103.00 -189.00
  -12.00 -102.00 -189.00
  -12.00 -102.00 -189.00
  -12.00 -102.00 -189.00
  -12.00 -102.00 -189.00
  -12.00 -102.00 -189.00
  -12.00 -102.00 -189.00
  -12.00 -102.00 -189.00
  -12.00 -103.00 -189.00
  -12.00 -102.00 -189.00
  -12.00 -102.00 -189.00
  -12.00 -102.00 -189.00
  -12.00 -102.00 -189.00
  -12.00 -102.00 -189.00
  -12.00 -102.00 -189.00
  -12.00 -103.00 -189.00
  -12.00 -102.00 -189.00
  -12.00 -102.00 -189.00
  -12.00 -102.00 -189.00
  -12.00 -102.00 -189.00
  -12.00 -103.00 -189.00
  -12.00 -103.00 -189.00
  -12.00 -102.00 -189.00
  -12.00 -102.00 -189.00
  -12.00 -102.00 -189.00
  -12.00 -102.00 -189.00
  -12.00 -102.00 -189.00
  -12.00 -102.00 -189.00
  -12.00 -102.00 -189.00
  -12.00 -103.00 -189.00
  -12.00 -103.00 -189.00
  -12.00 -103.00 -189.00
  -12.00 -102.00 -189.00
  -12.00 -103.00 -189.00
  -12.00 -103.00 -189.00
  -12.00 -102.00 -189.00
  -12.00 -102.00 -189.00
  -12.00 -102.00 -189.00
  -12.00 -103.00 -189.00
  -12.00 -102.00 -189.00
  -12.00 -102.00 -189.00
  -12.00 -103.00 -189.00
  -12.00 -102.00 -189.00
  -12.00 -102.00 -189.00
  -12.00 -102.00 -189.00
  -12.00 -103.00 -189.00
  -12.00 -102.00 -189.00
  -12.00 -102.00 -189.00
  -12.00 -103.00 -189.00
  -12.00 -102.00 -189.00
  -12.00 -102.00 -189.00
  -12.00 -102.00 -189.00
  -12.00 -102.00 -189.00
  -12.00 -102.00 -189.00
  -12.00 -102.00 -189.00
  -12.00 -103.00 -189.00
  -12.00 -103.00 -189.00
  -12.00 -102.00 -189.00
  -12.00 -103.00 -189.00
  -12.00 -102.00 -189.00
  -12.00 -102.00 -189.00
  -12.00 -102.00 -189.00
  -12.00 -103.00 -189.00
  -12.00 -102.00 -189.00
  -12.00 -103.00 -189.00
  -12.00 -102.00 -189.00
  -12.00 -102.00 -189.00
  -12.00 -102.00 -189.00
  -12.00 -102.00 -189.00
  -12.00 -102.00 -189.00
  -12.00 -102.00 -189.00
  -12.00 -102.00 -189.00
  -12.00 -102.00 -189.00
  -12.00 -102.00 -189.00
  -12.00 -102.00 -189.00
  -12.00 -102.00 -189.00
  -12.00 -102.00 -189.00
  -12.00 -103.00 -189.00
  -12.00 -102.00 -189.00
  -12.00 -102.00 -189.00
  -12.00 -103.00 -189.00
  -12.00 -102.00 -189.00
  -12.00 -102.00 -189.00
  -12.00 -102.00 -189.00
  -12.00 -102.00 -189.00
  -12.00 -103.00 -189.00
  -12.00 -103.00 -189.00
  -12.00 -102.00 -189.00
  -12.00 -102.00 -189.00
  -12.00 -102.00 -189.00
  -12.00 -103.00 -189.00
  -12.00 -102.00 -189.00
  -12.00 -103.00 -189.00
  -12.00 -102.00 -189.00
  -12.00 -103.00 -189.00
  -12.00 -103.00 -189.00
  -12.00 -102.00 -189.00
  -12.00 -102.00 -189.00
  -12.00 -102.00 -189.00
  -12.00 -102.00 -189.00
  -12.00 -102.00 -189.00
  -12.00 -103.00 -189.00
  -12.00 -103.00 -189.00
  -12.00 -103.00 -189.00
  -12.00 -103.00 -189.00
  -12.00 -102.00 -189.00
  -12.00 -102.00 -189.00
  -12.00 -103.00 -189.00
  -12.00 -103.00 -189.00
  -12.00 -102.00 -189.00
  -12.00 -103.00 -190.00
  -12.00 -103.00 -189.00
  -12.00 -102.00 -189.00
  -12.00 -102.00 -189.00
  -12.00 -102.00 -189.00
  -12.00 -102.00 -189.00
  -12.00 -103.00 -189.00
  -12.00 -102.00 -189.00
  -12.00 -102.00 -189.00
  -12.00 -102.00 -189.00
  -12.00 -102.00 -189.00
  -12.00 -102.00 -189.00
  -12.00 -102.00 -189.00
  -12.00 -102.00 -189.00
  -12.00 -102.00 -189.00
  -12.00 -102.00 -189.00
  -12.00 -102.00 -189.00
  -12.00 -102.00 -189.00
  -12.00 -102.00 -189.00
  -12.00 -102.00 -189.00
  -12.00 -102.00 -189.00
  -12.00 -102.00 -189.00
  -12.00 -103.00 -189.00
  -12.00 -102.00 -189.00
  -12.00 -102.00 -189.00
  -12.00 -102.00 -189.00
  -12.00 -103.00 -189.00
  -12.00 -102.00 -189.00
  -12.00 -102.00 -189.00
  -12.00 -103.00 -190.00
  -12.00 -103.00 -189.00
  -12.00 -103.00 -189.00
  -12.00 -103.00 -189.00
  -12.00 -102.00 -189.00
  -12.00 -102.00 -189.00
  -12.00 -102.00 -189.00
  -12.00 -102.00 -189.00
  -12.00 -102.00 -189.00
  -12.00 -102.00 -189.00
  -12.00 -102.00 -189.00
  -12.00 -103.00 -189.00
  -12.00 -103.00 -189.00
  -12.00 -102.00 -189.00
  -12.00 -102.00 -189.00
  -12.00 -102.00 -189.00
  -12.00 -102.00 -189.00
  -12.00 -103.00 -190.00
  -12.00 -103.00 -189.00
  -12.00 -102.00 -189.00
  -12.00 -103.00 -189.00
  -12.00 -102.00 -189.00
  -12.00 -102.00 -189.00
  -12.00 -103.00 -189.00
  -12.00 -102.00 -189.00
  -12.00 -102.00 -189.00
  -12.00 -102.00 -189.00
  -12.00 -102.00 -189.00
  -12.00 -102.00 -189.00
  -12.00 -103.00 -189.00
  -12.00 -102.00 -189.00
  -12.00 -102.00 -189.00
  -12.00 -102.00 -189.00
  -12.00 -102.00 -189.00
  -12.00 -102.00 -189.00
  -12.00 -103.00 -190.00
  -12.00 -102.00 -189.00
  -12.00 -102.00 -189.00
  -12.00 -103.00 -189.00
  -12.00 -103.00 -189.00
  -12.00 -102.00 -189.00
  -12.00 -102.00 -189.00
  -12.00 -102.00 -189.00
  -12.00 -102.00 -189.00
  -12.00 -102.00 -189.00
  -12.00 -102.00 -189.00
  -12.00 -102.00 -189.00
  -12.00 -102.00 -189.00
  -13.00 -103.00 -190.00
  -12.00 -103.00 -189.00
  -12.00 -102.00 -189.00
  -12.00 -102.00 -189.00
  -12.00 -102.00 -189.00
  -12.00 -102.00 -189.00
  -12.00 -102.00 -189.00
  -12.00 -103.00 -189.00
  -12.00 -103.00 -189.00
  -12.00 -102.00 -189.00
  -12.00 -102.00 -189.00
  -12.00 -102.00 -189.00
  -12.00 -102.00 -189.00
  -12.00 -102.00 -189.00
  -12.00 -102.00 -189.00
  -12.00 -103.00 -189.00
  -12.00 -103.00 -189.00
  -12.00 -103.00 -189.00
  -12.00 -103.00 -189.00
  -12.00 -102.00 -189.00
  -12.00 -103.00 -189.00
  -12.00 -102.00 -189.00
  -12.00 -102.00 -189.00
  -12.00 -102.00 -189.00
  -12.00 -102.00 -189.00
  -12.00 -102.00 -189.00
  -12.00 -103.00 -189.00
  -12.00 -102.00 -189.00
  -12.00 -102.00 -189.00
  -12.00 -102.00 -189.00
  -12.00 -102.00 -189.00
  -12.00 -102.00 -189.00
  -12.00 -103.00 -190.00
  -12.00 -102.00 -189.00
  -12.00 -103.00 -189.00
  -12.00 -102.00 -189.00
  -12.00 -103.00 -190.00
  -12.00 -102.00 -189.00
  -12.00 -102.00 -189.00
  -12.00 -102.00 -189.00
  -12.00 -102.00 -189.00
  -12.00 -102.00 -189.00
  -12.00 -102.00 -189.00
  -12.00 -102.00 -189.00
  -12.00 -102.00 -189.00
  -12.00 -103.00 -189.00
  -12.00 -103.00 -189.00
  -12.00 -103.00 -189.00
  -12.00 -102.00 -189.00
  -12.00 -102.00 -189.00
  -12.00 -103.00 -189.00
  -12.00 -102.00 -189.00
  -12.00 -102.00 -189.00
  -12.00 -102.00 -189.00
  -12.00 -102.00 -189.00
  -12.00 -103.00 -189.00
  -12.00 -103.00 -190.00
  -12.00 -103.00 -189.00
  -12.00 -102.00 -189.00
  -12.00 -102.00 -189.00
  -12.00 -102.00 -189.00
  -12.00 -103.00 -189.00
  -12.00 -103.00 -189.00
  -12.00 -103.00 -189.00
  -12.00 -102.00 -189.00
  -12.00 -102.00 -189.00
  -12.00 -102.00 -189.00
  -12.00 -102.00 -189.00
  -12.00 -103.00 -189.00
  -12.00 -102.00 -189.00
  -12.00 -102.00 -189.00
  -12.00 -103.00 -189.00
  -12.00 -103.00 -190.00
  -12.00 -103.00 -189.00
  -12.00 -102.00 -189.00
  -12.00 -102.00 -189.00
  -12.00 -102.00 -189.00
  -12.00 -102.00 -189.00
  -12.00 -103.00 -189.00
  -12.00 -102.00 -189.00
  -12.00 -102.00 -189.00
  -12.00 -103.00 -189.00
  -12.00 -102.00 -189.00
  -12.00 -102.00 -189.00
  -12.00 -102.00 -189.00
  -12.00 -102.00 -189.00
  -12.00 -102.00 -189.00
  -12.00 -102.00 -189.00
  -12.00 -103.00 -189.00
  -12.00 -102.00 -189.00
  -12.00 -102.00 -189.00
  -12.00 -102.00 -189.00
  -12.00 -102.00 -189.00
  -12.00 -102.00 -189.00
  -12.00 -103.00 -189.00
  -12.00 -102.00 -189.00
  -12.00 -103.00 -189.00
  -12.00 -102.00 -189.00
  -12.00 -102.00 -189.00
  -12.00 -102.00 -189.00
  -12.00 -102.00 -189.00
  -13.00 -103.00 -189.00
  -12.00 -102.00 -189.00
  -12.00 -103.00 -189.00
  -12.00 -102.00 -189.00
  -12.00 -102.00 -189.00
  -12.00 -102.00 -189.00
  -12.00 -103.00 -189.00
  -12.00 -103.00 -189.00
  -12.00 -102.00 -189.00
  -12.00 -103.00 -189.00
  -12.00 -102.00 -189.00
  -12.00 -102.00 -189.00
  -12.00 -103.00 -189.00
  -12.00 -102.00 -189.00
  -12.00 -102.00 -189.00
  -12.00 -102.00 -189.00
  -12.00 -103.00 -189.00
  -12.00 -103.00 -189.00
  -12.00 -103.00 -189.00
  -12.00 -102.00 -189.00
  -12.00 -102.00 -189.00
  -12.00 -102.00 -189.00
  -12.00 -102.00 -189.00
  -12.00 -102.00 -189.00
  -12.00 -103.00 -189.00
  -12.00 -103.00 -189.00
  -12.00 -103.00 -189.00
  -12.00 -103.00 -189.00
  -12.00 -102.00 -189.00
  -12.00 -102.00 -189.00
  -12.00 -102.00 -189.00
  -12.00 -102.00 -189.00
  -12.00 -103.00 -189.00
  -12.00 -102.00 -189.00
  -12.00 -102.00 -189.00
  -12.00 -103.00 -189.00
  -12.00 -103.00 -189.00
  -12.00 -103.00 -189.00
  -12.00 -102.00 -189.00
  -12.00 -102.00 -189.00
  -12.00 -103.00 -189.00
  -12.00 -103.00 -189.00
  -12.00 -102.00 -189.00
  -12.00 -102.00 -189.00
  -12.00 -102.00 -189.00
  -12.00 -103.00 -189.00
  -12.00 -103.00 -189.00
  -12.00 -102.00 -189.00
  -12.00 -102.00 -189.00
  -12.00 -102.00 -189.00
  -12.00 -102.00 -189.00
  -12.00 -102.00 -189.00
  -12.00 -103.00 -189.00
  -12.00 -103.00 -189.00
  -12.00 -102.00 -189.00
  -12.00 -102.00 -189.00
  -12.00 -102.00 -189.00
  -12.00 -102.00 -189.00
  -12.00 -102.00 -189.00
  -12.00 -102.00 -189.00
  -12.00 -102.00 -189.00
  -12.00 -102.00 -189.00
  -12.00 -103.00 -189.00
  -12.00 -103.00 -189.00
  -12.00 -102.00 -189.00
  -12.00 -102.00 -189.00
  -12.00 -102.00 -189.00
  -12.00 -102.00 -189.00
  -12.00 -102.00 -189.00
  -12.00 -102.00 -189.00
  -12.00 -102.00 -189.00
  -12.00 -102.00 -189.00
  -12.00 -103.00 -189.00
  -12.00 -103.00 -189.00
  -12.00 -102.00 -189.00
  -12.00 -102.00 -189.00
  -12.00 -103.00 -189.00
  -12.00 -102.00 -189.00
  -12.00 -103.00 -189.00
  -12.00 -103.00 -189.00
  -12.00 -103.00 -189.00
  -12.00 -103.00 -189.00
  -12.00 -103.00 -189.00
  -12.00 -103.00 -189.00
  -12.00 -102.00 -189.00
  -12.00 -102.00 -189.00
  -12.00 -102.00 -189.00
  -12.00 -102.00 -189.00
  -12.00 -103.00 -189.00
  -12.00 -102.00 -189.00
  -12.00 -102.00 -189.00
  -12.00 -103.00 -189.00
  -12.00 -102.00 -189.00
  -12.00 -102.00 -189.00
  -12.00 -102.00 -189.00
  -12.00 -102.00 -189.00
  -12.00 -102.00 -189.00
  -12.00 -103.00 -190.00
  -12.00 -102.00 -189.00
  -12.00 -102.00 -189.00
  -12.00 -103.00 -189.00
  -12.00 -102.00 -189.00
  -12.00 -102.00 -189.00
  -12.00 -103.00 -189.00
  -12.00 -103.00 -189.00
  -12.00 -102.00 -189.00
  -12.00 -103.00 -189.00
  -12.00 -102.00 -189.00
  -12.00 -103.00 -189.00
  -12.00 -102.00 -189.00
  -12.00 -102.00 -189.00
  -12.00 -103.00 -189.00
  -12.00 -102.00 -189.00
  -13.00 -103.00 -189.00
  -12.00 -103.00 -189.00
  -12.00 -102.00 -189.00
  -12.00 -102.00 -189.00
  -12.00 -103.00 -189.00
  -12.00 -103.00 -189.00
  -12.00 -102.00 -189.00
  -12.00 -102.00 -189.00
  -12.00 -102.00 -189.00
  -12.00 -103.00 -189.00
  -12.00 -103.00 -189.00
  -12.00 -103.00 -189.00
  -12.00 -102.00 -189.00
  -12.00 -102.00 -189.00
  -12.00 -103.00 -189.00
  -12.00 -103.00 -189.00
  -12.00 -102.00 -189.00
  -12.00 -102.00 -189.00
  -12.00 -102.00 -189.00
  -12.00 -102.00 -189.00
  -12.00 -102.00 -189.00
  -12.00 -103.00 -189.00
  -12.00 -102.00 -189.00
  -12.00 -102.00 -189.00
  -12.00 -102.00 -189.00
  -12.00 -102.00 -189.00
  -12.00 -103.00 -189.00
  -12.00 -102.00 -189.00
  -12.00 -102.00 -189.00
  -12.00 -102.00 -189.00
  -12.00 -102.00 -189.00
  -13.00 -103.00 -189.00
  -12.00 -103.00 -189.00
  -12.00 -102.00 -189.00
  -12.00 -102.00 -189.00
  -12.00 -103.00 -189.00
  -12.00 -103.00 -189.00
  -12.00 -102.00 -189.00
  -12.00 -103.00 -189.00
  -12.00 -103.00 -189.00
  -12.00 -102.00 -189.00
  -13.00 -103.00 -189.00
  -12.00 -103.00 -189.00
  -12.00 -102.00 -189.00
  -12.00 -102.00 -189.00
  -12.00 -103.00 -189.00
  -12.00 -102.00 -189.00
  -12.00 -102.00 -189.00
  -12.00 -103.00 -189.00
  -12.00 -103.00 -189.00
  -12.00 -103.00 -189.00
  -12.00 -103.00 -189.00
  -12.00 -102.00 -189.00
  -12.00 -103.00 -189.00
  -12.00 -102.00 -189.00
  -12.00 -102.00 -189.00
  -12.00 -102.00 -189.00
  -12.00 -102.00 -189.00
  -12.00 -102.00 -189.00
  -12.00 -103.00 -190.00
  -13.00 -103.00 -189.00
  -12.00 -103.00 -189.00
  -12.00 -103.00 -189.00
  -12.00 -103.00 -189.00
  -12.00 -103.00 -189.00
  -12.00 -102.00 -189.00
  -12.00 -103.00 -189.00
  -12.00 -102.00 -189.00
  -12.00 -103.00 -189.00
  -12.00 -102.00 -189.00
  -12.00 -103.00 -189.00
  -12.00 -103.00 -189.00
  -12.00 -102.00 -189.00
  -12.00 -102.00 -189.00
  -12.00 -103.00 -189.00
  -12.00 -103.00 -189.00
  -13.00 -103.00 -189.00
  -12.00 -103.00 -189.00
  -13.00 -103.00 -189.00
  -12.00 -103.00 -189.00
  -12.00 -102.00 -189.00
  -12.00 -102.00 -189.00
  -12.00 -103.00 -189.00
  -12.00 -102.00 -189.00
  -12.00 -102.00 -189.00
  -12.00 -102.00 -189.00
  -12.00 -103.00 -189.00
