   23.00  211.00  -33.00
   23.00  211.00  -33.00
   23.00  211.00  -33.00
   23.00  212.00  -33.00
   23.00  211.00  -33.00
   23.00  211.00  -33.00
   23.00  211.00  -33.00
   23.00  211.00  -33.00
   23.00  211.00  -33.00
   23.00  211.00  -33.00
   23.00  212.00  -33.00
   23.00  212.00  -34.00
   23.00  211.00  -33.00
   24.00  212.00  -33.00
   23.00  211.00  -33.00
   23.00  211.00  -33.00
   23.00  212.00  -33.00
   23.00  211.00  -33.00
   23.00  211.00  -33.00
   23.00  211.00  -33.00
   23.00  211.00  -33.00
   23.00  211.00  -33.00
   23.00  211.00  -33.00
   23.00  211.00  -33.00
   24.00  212.00  -33.00
   23.00  211.00  -33.00
   23.00  212.00  -33.00
   23.00  212.00  -33.00
   23.00  211.00  -33.00
   23.00  211.00  -33.00
   23.00  211.00  -34.00
   23.00  211.00  -34.00
   23.00  212.00  -33.00
   24.00  212.00  -33.00
   23.00  212.00  -33.00
   23.00  211.00  -33.00
   23.00  211.00  -33.00
   23.00  211.00  -33.00
   23.00  211.00  -33.00
   23.00  211.00  -33.00
   23.00  211.00  -33.00
   23.00  211.00  -33.00
   23.00  211.00  -33.00
   23.00  212.00  -33.00
   23.00  212.00  -33.00
   23.00  211.00  -34.00
   23.00  211.00  -33.00
   23.00  211.00  -34.00
   23.00  212.00  -33.00
   23.00  211.00  -33.00
   23.00  211.00  -33.00
   23.00  211.00  -33.00
   23.00  211.00  -33.00
   23.00  211.00  -33.00
   23.00  211.00  -33.00
   23.00  212.00  -33.00
   23.00  211.00  -33.00
   23.00  211.00  -33.00
   23.00  211.00  -33.00
   24.00  212.00  -33.00
   23.00  211.00  -33.00
   24.00  212.00  -33.00
   23.00  211.00  -33.00
   23.00  211.00  -33.00
   23.00  211.00  -33.00
   23.00  211.00  -33.00
   23.00  212.00  -33.00
   23.00  212.00  -33.00
   23.00  211.00  -33.00
   24.00  212.00  -33.00
   24.00  212.00  -33.00
   23.00  211.00  -33.00
   23.00  211.00  -33.00
   23.00  211.00  -33.00
   23.00  211.00  -33.00
   24.00  211.00  -33.00
   23.00  211.00  -33.00
   23.00  211.00  -33.00
   23.00  212.00  -33.00
   23.00  211.00  -33.00
   23.00  211.00  -33.00
   23.00  211.00  -33.00
   23.00  211.00  -33.00
   23.00  211.00  -33.00
   24.00  212.00  -33.00
   24.00  211.00  -33.00
   24.00  211.00  -33.00
   23.00  211.00  -33.00
   23.00  211.00  -33.00
   23.00  211.00  -33.00
   23.00  211.00  -33.00
   23.00  211.00  -33.00
   23.00  211.00  -33.00
   23.00  211.00  -33.00
   23.00  211.00  -33.00
   23.00  211.00  -33.00
   23.00  211.00  -33.00
   23.00  212.00  -33.00
   23.00  211.00  -33.00
   23.00  211.00  -33.00
   23.00  211.00  -34.00
   23.00  211.00  -33.00
   24.00  212.00  -33.00
   23.00  211.00  -33.00
   23.00  211.00  -33.00
   23.00  211.00  -33.00
   23.00  211.00  -33.00
   24.00  212.00  -33.00
   23.00  211.00  -33.00
   24.00  211.00  -33.00
   23.00  211.00  -33.00
   24.00  212.00  -33.00
   23.00  212.00  -33.00
   23.00  211.00  -33.00
   24.00  211.00  -33.00
   23.00  211.00  -33.00
   24.00  212.00  -33.00
   24.00  211.00  -33.00
   23.00  211.00  -33.00
   23.00  211.00  -33.00
   24.00  212.00  -33.00
   23.00  211.00  -33.00
   23.00  211.00  -33.00
   23.00  211.00  -34.00
   23.00  211.00  -33.00
   24.00  211.00  -33.00
   24.00  211.00  -33.00
   24.00  211.00  -33.00
   23.00  211.00  -33.00
   23.00  211.00  -33.00
   23.00  211.00  -33.00
   23.00  211.00  -33.00
   24.00  212.00  -33.00
   23.00  211.00  -33.00
   23.00  211.00  -34.00
   23.00  211.00  -33.00
   23.00  211.00  -33.00
   24.00  211.00  -33.00
   24.00  211.00  -33.00
   23.00  211.00  -33.00
   23.00  211.00  -33.00
   23.00  211.00  -33.00
   23.00  211.00  -33.00
   23.00  212.00  -33.00
   23.00  211.00  -33.00
   23.00  211.00  -34.00
   23.00  211.00  -33.00
   24.00  212.00  -33.00
   23.00  211.00  -33.00
   23.00  211.00  -33.00
   23.00  211.00  -34.00
   23.00  211.00  -33.00
   23.00  211.00  -33.00
   24.00  212.00  -33.00
   24.00  212.00  -33.00
   23.00  211.00  -33.00
   23.00  209.00  -34.00
   24.00  212.00  -33.00
   24.00  214.00  -34.00
   24.00  212.00  -33.00
   23.00  211.00  -33.00
   23.00  211.00  -33.00
   24.00  211.00  -33.00
   23.00  211.00  -33.00
   24.00  211.00  -33.00
   23.00  211.00  -33.00
   23.00  211.00  -33.00
   24.00  211.00  -33.00
   23.00  211.00  -33.00
   24.00  211.00  -33.00
   23.00  211.00  -33.00
   23.00  211.00  -33.00
   23.00  211.00  -34.00
   24.00  212.00  -33.00
   23.00  211.00  -32.00
   22.00  212.00  -29.00
   21.00  210.00  -29.00
   20.00  222.00  -37.00
    8.00  217.00  -33.00
   14.00  206.00  -33.00
   14.00  212.00  -27.00
   11.00  205.00  -27.00
   12.00  209.00  -26.00
   13.00  215.00  -24.00
   15.00  215.00  -25.00
   18.00  208.00  -20.00
   29.00  208.00  -16.00
   30.00  213.00  -17.00
   38.00  212.00  -17.00
   38.00  212.00  -19.00
   51.00  210.00  -22.00
   46.00  210.00  -27.00
   53.00  208.00  -27.00
   47.00  216.00  -35.00
   46.00  208.00  -41.00
   37.00  210.00  -41.00
   33.00  204.00  -44.00
   24.00  210.00  -47.00
   19.00  215.00  -44.00
   17.00  208.00  -38.00
   17.00  209.00  -33.00
   10.00  211.00  -28.00
   12.00  210.00  -24.00
   16.00  209.00  -19.00
   17.00  209.00  -16.00
   22.00  213.00  -15.00
   24.00  214.00  -15.00
   33.00  212.00  -14.00
   34.00  216.00  -15.00
   39.00  213.00  -19.00
   42.00  213.00  -23.00
   42.00  211.00  -28.00
   42.00  208.00  -37.00
   40.00  207.00  -44.00
   36.00  212.00  -44.00
   28.00  213.00  -45.00
   18.00  214.00  -45.00
   20.00  212.00  -40.00
   12.00  214.00  -35.00
    5.00  204.00  -36.00
    5.00  208.00  -22.00
    0.00  213.00  -16.00
    1.00  213.00  -10.00
    2.00  207.00   -4.00
    7.00  209.00    2.00
    8.00  215.00    0.00
   11.00  209.00   -6.00
   10.00  213.00  -13.00
   13.00  208.00  -23.00
   11.00  213.00  -31.00
   16.00  211.00  -35.00
   16.00  211.00  -41.00
   14.00  210.00  -52.00
   17.00  207.00  -59.00
   19.00  204.00  -60.00
   20.00  205.00  -66.00
   20.00  205.00  -64.00
   17.00  206.00  -62.00
   16.00  206.00  -59.00
   19.00  210.00  -53.00
    0.00  205.00  -52.00
  -12.00  207.00  -53.00
  -10.00  205.00  -50.00
  -14.00  209.00  -48.00
    2.00  211.00  -45.00
   19.00  208.00  -44.00
   31.00  209.00  -40.00
   46.00  204.00  -38.00
   58.00  212.00  -32.00
   65.00  212.00  -35.00
   73.00  206.00  -33.00
   92.00  205.00  -24.00
   75.00  202.00  -30.00
   72.00  207.00  -27.00
   56.00  207.00  -33.00
   53.00  208.00  -30.00
   40.00  213.00  -35.00
   34.00  214.00  -33.00
   20.00  210.00  -31.00
   18.00  215.00  -29.00
   17.00  212.00  -28.00
   19.00  208.00  -24.00
   16.00  212.00  -20.00
   22.00  208.00  -18.00
   25.00  216.00  -11.00
   25.00  213.00  -12.00
   24.00  212.00  -11.00
   29.00  214.00   -8.00
   21.00  213.00   -6.00
   22.00  212.00   -6.00
   13.00  211.00   -4.00
   18.00  211.00   -2.00
   14.00  217.00    1.00
    7.00  213.00   -4.00
    7.00  212.00   -3.00
   10.00  213.00    1.00
    2.00  215.00    2.00
   11.00  206.00   -1.00
   11.00  208.00    7.00
   21.00  208.00    7.00
   22.00  209.00    7.00
   18.00  209.00    3.00
   22.00  212.00    5.00
   28.00  211.00    3.00
   28.00  221.00    7.00
   20.00  220.00    5.00
   23.00  207.00   11.00
   20.00  211.00   14.00
   20.00  204.00   15.00
   14.00  215.00   27.00
   17.00  205.00   28.00
   16.00  211.00   34.00
   16.00  215.00   36.00
   19.00  205.00   33.00
   21.00  212.00   35.00
   17.00  211.00   35.00
   18.00  205.00   33.00
   16.00  209.00   34.00
   16.00  206.00   36.00
   10.00  212.00   37.00
   13.00  207.00   35.00
   16.00  206.00   30.00
   16.00  208.00   32.00
   23.00  217.00   37.00
   26.00  207.00   28.00
   30.00  211.00   28.00
   29.00  215.00   21.00
   36.00  207.00   25.00
   29.00  213.00   20.00
   35.00  212.00   19.00
   45.00  211.00   23.00
   48.00  216.00   24.00
   56.00  214.00   23.00
   58.00  205.00   18.00
   55.00  207.00   18.00
   59.00  217.00   21.00
   64.00  202.00   13.00
   62.00  204.00    7.00
   65.00  208.00    8.00
   59.00  209.00    2.00
   71.00  212.00    4.00
   61.00  209.00   -6.00
   65.00  207.00   -9.00
   62.00  206.00   -9.00
   66.00  206.00   -9.00
   60.00  210.00  -11.00
   57.00  205.00  -13.00
   62.00  209.00  -11.00
   58.00  212.00  -12.00
   54.00  207.00  -16.00
   53.00  210.00  -16.00
   51.00  208.00  -16.00
   52.00  210.00  -16.00
   54.00  210.00  -16.00
   53.00  207.00  -18.00
   48.00  211.00  -18.00
   44.00  209.00  -18.00
   38.00  213.00  -17.00
   43.00  214.00  -16.00
   37.00  208.00  -21.00
   32.00  214.00  -19.00
   28.00  214.00  -14.00
   29.00  211.00  -14.00
   24.00  213.00  -14.00
   29.00  213.00   -9.00
   32.00  210.00  -10.00
   29.00  212.00  -13.00
   29.00  212.00  -15.00
   32.00  211.00  -19.00
   33.00  211.00  -23.00
   33.00  211.00  -25.00
   30.00  214.00  -27.00
   34.00  208.00  -30.00
   37.00  212.00  -29.00
   30.00  214.00  -31.00
   35.00  211.00  -31.00
   25.00  213.00  -34.00
   28.00  209.00  -33.00
   24.00  210.00  -31.00
   36.00  202.00  -27.00
   20.00  214.00  -32.00
   26.00  215.00  -21.00
   32.00  211.00  -18.00
   32.00  217.00  -16.00
   33.00  216.00  -20.00
   30.00  213.00  -19.00
   34.00  206.00  -16.00
   35.00  216.00  -15.00
    4.00 -208.00  -13.00
    6.00 -208.00  -13.00
    4.00 -206.00  -11.00
    6.00 -206.00  -12.00
    4.00 -208.00  -13.00
    4.00 -209.00  -13.00
    3.00 -210.00  -13.00
    7.00 -203.00   -9.00
    8.00 -210.00  -12.00
   11.00 -209.00  -12.00
    4.00 -208.00  -10.00
    3.00 -207.00   -9.00
    4.00 -207.00   -7.00
   11.00 -209.00   -9.00
    9.00 -208.00   -7.00
   10.00 -208.00   -6.00
   12.00 -208.00   -5.00
   12.00 -208.00   -5.00
   10.00 -207.00   -5.00
    9.00 -208.00   -5.00
    8.00 -207.00   -4.00
    7.00 -208.00   -6.00
    8.00 -208.00   -6.00
    8.00 -208.00   -6.00
    9.00 -208.00   -6.00
   10.00 -208.00   -6.00
   10.00 -207.00   -6.00
   11.00 -207.00   -5.00
   12.00 -208.00   -5.00
   11.00 -208.00   -5.00
   11.00 -208.00   -6.00
   11.00 -208.00   -7.00
   11.00 -208.00   -7.00
   11.00 -208.00   -7.00
   11.00 -207.00   -6.00
   11.00 -208.00   -6.00
   11.00 -208.00   -6.00
   10.00 -208.00   -7.00
   12.00 -208.00   -6.00
   13.00 -208.00   -6.00
   12.00 -208.00   -4.00
   17.00 -207.00   -4.00
   19.00 -207.00   -4.00
   22.00 -207.00   -3.00
   21.00 -208.00   -3.00
   19.00 -208.00   -3.00
   17.00 -208.00   -2.00
   15.00 -208.00   -2.00
   14.00 -207.00   -2.00
   13.00 -208.00   -3.00
   13.00 -208.00   -3.00
   13.00 -208.00   -3.00
   13.00 -208.00   -3.00
    9.00 -211.00   -4.00
    9.00 -208.00   -3.00
    9.00 -208.00   -3.00
    8.00 -208.00   -3.00
    9.00 -208.00   -4.00
    9.00 -208.00   -3.00
    9.00 -208.00   -4.00
    9.00 -208.00   -4.00
    8.00 -208.00   -5.00
    9.00 -208.00   -4.00
   65.00  203.00  -41.00
   31.00  190.00  -18.00
   14.00  216.00  -18.00
   25.00  214.00  -18.00
   36.00  214.00  -27.00
   26.00  211.00  -43.00
   25.00  211.00  -30.00
   28.00  214.00  -31.00
   28.00  213.00  -26.00
   28.00  211.00  -25.00
   28.00  210.00  -23.00
   28.00  211.00  -23.00
   29.00  212.00  -22.00
   26.00  212.00  -21.00
   25.00  211.00  -21.00
   25.00  213.00  -21.00
   25.00  212.00  -21.00
   25.00  212.00  -20.00
   26.00  212.00  -19.00
   24.00  212.00  -20.00
   26.00  211.00  -19.00
   29.00  212.00  -19.00
   28.00  212.00  -19.00
   28.00  212.00  -16.00
   27.00  212.00  -15.00
   26.00  212.00  -15.00
   26.00  212.00  -15.00
   27.00  212.00  -14.00
   28.00  213.00  -14.00
   28.00  212.00  -13.00
   29.00  212.00  -13.00
   31.00  212.00  -14.00
   32.00  212.00  -14.00
   34.00  212.00  -14.00
   34.00  212.00  -15.00
   34.00  212.00  -15.00
   30.00  212.00  -15.00
   28.00  211.00  -14.00
   26.00  213.00  -13.00
   26.00  212.00  -14.00
   24.00  212.00  -13.00
   23.00  212.00  -13.00
   23.00  213.00  -13.00
   23.00  213.00  -13.00
   23.00  213.00  -13.00
   22.00  213.00  -13.00
   21.00  213.00  -13.00
   21.00  213.00  -13.00
   21.00  212.00  -12.00
   21.00  213.00  -13.00
   20.00  213.00  -13.00
   21.00  213.00  -12.00
   21.00  212.00  -13.00
   21.00  212.00  -13.00
   21.00  212.00  -13.00
   22.00  212.00  -14.00
   21.00  213.00  -14.00
   21.00  213.00  -14.00
   21.00  212.00  -14.00
   22.00  213.00  -13.00
   21.00  212.00  -13.00
   21.00  213.00  -13.00
   22.00  213.00  -14.00
   21.00  213.00  -13.00
   22.00  213.00  -13.00
   22.00  213.00  -14.00
   24.00  227.00  -12.00
   24.00  213.00  -11.00
   27.00  214.00  -16.00
   24.00  211.00   -7.00
   30.00  209.00   -1.00
    7.00  214.00  -13.00
   22.00  217.00   -7.00
   23.00  214.00  -16.00
   24.00  211.00  -18.00
   23.00  214.00  -13.00
