   26.00  152.00 -146.00
   26.00  161.00 -153.00
   32.00  143.00 -140.00
   67.00  253.00 -255.00
  -20.00  337.00 -307.00
   35.00  359.00 -350.00
   28.00  246.00 -264.00
   51.00   44.00  -52.00
  -59.00  461.00 -393.00
   75.00  511.00 -506.00
    7.00  477.00 -384.00
   -8.00   39.00  -76.00
   38.00   14.00  -30.00
   -9.00   10.00  -70.00
   -5.00  485.00 -475.00
   26.00  469.00 -406.00
   27.00  106.00 -108.00
   28.00   78.00  -72.00
    1.00  276.00 -228.00
   18.00  276.00 -244.00
   24.00  127.00 -150.00
   40.00  166.00 -158.00
   18.00  169.00 -158.00
   33.00  176.00 -166.00
   29.00  147.00 -141.00
