222    7   39
221    6   40
222    6   39
222    6   39
224    7   38
223    7   39
227   32    9
212   16   56
225    4   17
222   10   65
213    1  -73
128  102 -216
19  154 -159
17  180 -169
14  328 -300
22  185 -167
0    2  -80
103  282 -283
28  437 -497
-7  511 -506
59  511 -505
64  511 -506
-72  511 -506
42  511 -506
124  511 -506
-80  511 -506
106  511 -506
25  499 -417
46  511 -506
1  511 -506
92  426 -397
-19  511 -506
112  286 -296
-85  304 -321
32  331 -352
110  511 -506
-43  355 -475
88  511 -500
-32  511 -506
32  405 -506
21  502 -449
-13  511 -505
31  495 -488
-52  236 -225
14  234 -191
20  195 -180
35  250 -221
4  155 -134
28  108  -89
46  272 -248
16  440 -475
50  440 -463
51  460 -442
91  511 -506
-68  511 -447
34  388 -466
188  511 -506
-90  511 -506
71  356 -413
112  511 -506
-44  511 -506
118  409 -504
68  511 -506
-38  511 -506
112  356 -486
-11  511 -506
-36  511 -506
56  188 -222
36   74 -274
-47  511 -432
7  339 -366
9   46  -60
27   38  -86
76  346 -380
-14  198 -176
16   87  -82
30  218 -195
18  242 -220
24  117 -120
29  170 -187
28  284 -260
-6  197 -176
8  195 -169
43  170 -166
-10  177 -182
58  198 -212
-21  294 -286
19  204 -181
39  152 -147
13  230 -213
16  219 -212
8  210 -206
-21  276 -251
65  173 -160
9  172 -172
40  243 -236
17  287 -246
-5  209 -186
45  189 -165
14  186 -177
24  194 -194
44  324 -314
-8  362 -325
20  302 -254
-5  190 -160
-9  389 -343
32  423 -405
-4  127 -312
5  314 -314
-9  420 -370
-32  270 -299
50  149 -207
37  244 -237
-23  197 -163
59  285 -276
17  190 -188
26  188 -184
-20  225 -207
21  244 -247
6   65  -61
54   15  -92
-7  292 -239
21  152 -116
18  203 -166
31  208 -175
109  178 -163
-28  168 -168
120  190 -158
30  127 -132
12   65 -105
32  262 -231
10   78 -151
48  369 -318
-22  188 -192
53  147 -124
16  194 -140
-12  184 -189
-11  176 -339
50  211 -259
-15  112 -111
51  275 -244
31  220 -222
0   91  -88
24  145 -139
-23  252 -200
-18  171 -136
22   92 -173
-12   59  -84
54  416 -378
28   70 -106
32  102  -96
46  175 -221
-30  351 -369
37  482 -446
26   27  -60
-3   14  -39
0  307 -276
0  511 -506
7  369 -309
24   -5  -29
31   11  -20
8  456 -491
61  511 -506
31  321 -324
-4  110 -147
-12  490 -448
20  511 -506
-11  263 -230
40   11  -28
22  -14 -103
55  511 -487
55  511 -444
-16  248 -260
1  507 -393
-39  511 -506
11  452 -388
28   60 -103
48  212 -322
16  511 -506
9  511 -501
14  421 -416
67  511 -506
-1  511 -506
42  169 -156
-32  295 -265
1  511 -506
41  511 -506
-32   23 -236
45  511 -506
100  511 -506
-16  223 -199
59  170 -192
86  511 -506
-27  511 -506
41  279 -320
-27  476 -486
146  511 -506
-28  369 -398
-4  334 -279
12  511 -506
93  511 -506
-12  178 -254
36  369 -358
-20  511 -506
112  511 -483
2   96 -121
67  135 -177
105  511 -506
-21  511 -506
33  187 -238
-21   22  -47
-14  307 -406
0  511 -506
-4  443 -384
51   63  -88
1  -21    5
-42   96 -141
23  511 -459
24  249 -263
26   75  -91
4  182 -197
36  511 -504
21  511 -506
56  318 -323
21  511 -468
95  416 -485
-93  300 -306
60   26  -70
30  136 -143
-2  390 -382
49  414 -375
29  174 -158
28   29  -28
6  142 -149
28  511 -465
10  418 -346
17   68  -68
12   16  -18
36  278 -172
-35  508 -479
106  503 -459
-40  346 -338
6  511 -478
33  511 -477
20  221 -245
46  145 -133
-12  280 -255
4  433 -346
16  302 -262
9   30  -30
32  106 -111
-6  320 -302
26  417 -456
64  386 -409
3   99 -108
4   97 -137
-27  498 -455
-1  511 -506
6  288 -248
41   95 -138
38   92 -125
24  438 -431
53  511 -506
32  230 -200
18   80  -81
32  477 -388
34  511 -506
-24  261 -212
24    4  -10
-19  -26   13
12   38 -106
43  458 -453
-23  392 -404
7   95  -97
6  194 -188
25  266 -243
16  163 -146
-86  160 -154
108  153 -106
162  130  -95
208   90  -40
219   65    4
188   84   78
243  -51    2
165   60   96
235   -9   36
188   45   82
220   14   59
216   20   64

