   92.00  -59.00  184.00
   94.00  -51.00  179.00
  133.00  -67.00  161.00
  159.00  -89.00  124.00
  155.00 -101.00  135.00
  121.00  -73.00  141.00
  150.00  -69.00  137.00
  188.00  -63.00  128.00
  163.00  -66.00  143.00
  160.00  -61.00  144.00
  433.00   97.00  -79.00
 -267.00  206.00 -154.00
 -332.00 -105.00   47.00
 -110.00 -202.00   44.00
   -7.00 -145.00  193.00
  -50.00  -63.00  205.00
 -361.00  -43.00  114.00
  -24.00   43.00  -44.00
  -55.00 -171.00  146.00
  182.00  -63.00  179.00
  123.00  -84.00  146.00
  115.00  -82.00  164.00
  115.00  -82.00  151.00
  383.00  -31.00  -28.00
   12.00   23.00  -83.00
  109.00  -82.00  241.00
  -15.00 -229.00   32.00
  -17.00 -182.00  116.00
  -21.00 -182.00   83.00
  -38.00 -213.00   75.00
  -28.00 -176.00   56.00
  -12.00 -173.00   87.00
  -52.00 -202.00   44.00
  -69.00 -196.00   44.00
 -100.00 -207.00   68.00
 -134.00 -190.00   58.00
  -98.00 -115.00   81.00
  -94.00 -135.00  154.00
 -121.00 -138.00   68.00
  -94.00 -125.00  109.00
  -72.00 -133.00  145.00
  -64.00 -130.00  146.00
  -56.00 -130.00  137.00
 -292.00 -148.00   29.00
    8.00   21.00  -32.00
  160.00 -110.00  101.00
   33.00  -95.00  232.00
   62.00 -100.00  161.00
   45.00  -97.00  193.00
   58.00  -91.00  182.00
   59.00  -97.00  174.00
   60.00  -92.00  176.00
   51.00  -95.00  184.00
   53.00  -96.00  185.00
   52.00  -96.00  180.00
   51.00  -92.00  185.00
   50.00  -92.00  184.00
   52.00  -92.00  180.00
   46.00  -93.00  186.00
   41.00  -94.00  182.00
    2.00  -99.00  192.00
  158.00  -69.00  193.00
   50.00   21.00  -37.00
  -88.00 -236.00  100.00
 -140.00 -137.00   71.00
 -115.00 -153.00   26.00
 -116.00 -149.00   64.00
 -104.00 -148.00   87.00
 -106.00 -147.00   72.00
 -110.00 -148.00   78.00
 -107.00 -150.00   85.00
 -105.00 -148.00   80.00
 -106.00 -148.00   86.00
 -104.00 -149.00   83.00
 -104.00 -149.00   82.00
 -103.00 -149.00   81.00
 -104.00 -150.00   86.00
 -103.00 -148.00   84.00
 -102.00 -149.00   83.00
 -102.00 -149.00   83.00
 -102.00 -149.00   86.00
 -100.00 -150.00   85.00
 -102.00 -149.00   85.00
 -101.00 -149.00   85.00
 -101.00 -150.00   86.00
 -100.00 -150.00   84.00
 -100.00 -148.00   88.00
 -102.00 -151.00   86.00
 -100.00 -149.00   85.00
 -102.00 -150.00   87.00
  -98.00 -148.00   91.00
  -84.00 -148.00  144.00
 -242.00 -146.00  -94.00
  -41.00 -227.00   45.00
   -5.00  -64.00  276.00
   11.00  -81.00  145.00
    8.00  -94.00  189.00
    5.00  -97.00  178.00
    2.00 -100.00  178.00
   10.00  -98.00  183.00
    9.00  -98.00  181.00
   13.00  -95.00  184.00
   10.00  -98.00  184.00
   12.00  -96.00  183.00
   12.00  -95.00  186.00
   12.00  -97.00  185.00
   12.00  -96.00  184.00
   10.00  -99.00  183.00
   17.00  -94.00  183.00
   12.00  -95.00  189.00
    5.00  -95.00  180.00
   32.00  -84.00  192.00
   21.00  -88.00  186.00
   16.00  -90.00  188.00
   16.00  -91.00  190.00
   19.00  -89.00  188.00
   18.00  -88.00  184.00
   14.00  -92.00  191.00
    9.00  -90.00  184.00
  -46.00 -112.00  187.00
   94.00  -62.00  194.00
  295.00   98.00  164.00
  -48.00  215.00  354.00
 -247.00  -80.00   91.00
 -486.00   86.00 -203.00
   18.00   25.00  -40.00
  -11.00  -87.00  243.00
  478.00   78.00  -55.00
  121.00   40.00 -102.00
 -143.00 -310.00  113.00
 -423.00  -11.00 -229.00
  -17.00    5.00  -35.00
    2.00 -135.00  109.00
  198.00 -110.00  140.00
  358.00   -9.00 -150.00
   73.00   70.00 -135.00
  -29.00  -79.00   90.00
 -367.00  461.00  278.00
   -2.00   -6.00   -7.00
   84.00  -80.00  208.00
   82.00  -34.00  186.00
   34.00  -74.00  193.00
   46.00  -66.00  209.00
   43.00  -60.00  195.00
   48.00  -66.00  191.00
   42.00  -66.00  195.00
   41.00  -70.00  200.00
   50.00  -68.00  189.00
   41.00  -72.00  189.00
   43.00  -68.00  203.00
   44.00  -69.00  193.00
   46.00  -80.00  190.00
   39.00  -73.00  193.00
   17.00  -88.00  174.00
   41.00  -65.00  211.00
   38.00  -55.00  201.00
   26.00  -53.00  201.00
   19.00  -64.00  192.00
   19.00  -58.00  207.00
   18.00  -56.00  190.00
