
  218.00   12.00   55.00
  217.00   12.00   55.00
  217.00   12.00   55.00
  218.00   12.00   55.00
  218.00   12.00   55.00
  218.00   12.00   54.00
  218.00   13.00   55.00
  218.00   13.00   55.00
  215.00   14.00   56.00
  218.00    9.00   53.00
  197.00   24.00   81.00
  256.00   -2.00   59.00
  248.00   29.00   40.00
  216.00   57.00  -25.00
  218.00   83.00   -5.00
  191.00  112.00  -46.00
  135.00  152.00  -82.00
   61.00  181.00 -101.00
    3.00  152.00 -167.00
   27.00  153.00 -159.00
   19.00  149.00 -149.00
   29.00   99.00 -110.00
   21.00  176.00 -174.00
   10.00  278.00 -274.00
   11.00  347.00 -336.00
   26.00  157.00 -157.00
    0.00   -5.00  -27.00
  -36.00  -50.00   21.00
 -160.00 -142.00   61.00
  160.00  378.00 -290.00
  -58.00  257.00 -199.00
   38.00   85.00  -99.00
   13.00  113.00 -123.00
   44.00  273.00 -261.00
  -36.00  509.00 -493.00
   80.00  304.00 -312.00
   36.00  105.00 -189.00
   33.00   61.00 -162.00
   -3.00  511.00 -503.00
   28.00  511.00 -506.00
   19.00  337.00 -335.00
   29.00   65.00 -104.00
   32.00   19.00  -63.00
   -7.00  416.00 -398.00
   74.00  511.00 -506.00
   38.00  511.00 -506.00
   26.00  291.00 -290.00
   19.00  511.00 -505.00
   45.00  511.00 -506.00
   54.00  511.00 -506.00
  -11.00  511.00 -485.00
   93.00  511.00 -506.00
   11.00  511.00 -506.00
  -34.00  511.00 -506.00
  133.00  511.00 -506.00
   19.00  511.00 -506.00
  -98.00  511.00 -506.00
   48.00  511.00 -506.00
  259.00  511.00 -506.00
  -83.00  511.00 -506.00
  128.00  511.00 -506.00
 -138.00  511.00 -506.00
  140.00  511.00 -506.00
 -201.00  511.00 -506.00
  125.00  511.00 -506.00
 -216.00  511.00 -506.00
  100.00  511.00 -506.00
 -147.00  511.00 -506.00
  130.00  511.00 -506.00
 -142.00  511.00 -495.00
  232.00  511.00 -506.00
  145.00  511.00 -506.00
   80.00  511.00 -506.00
    2.00  511.00 -506.00
  -11.00  511.00 -506.00
   53.00  151.00 -151.00
  122.00 -297.00 -354.00
 -108.00   45.00 -225.00
   58.00   98.00 -184.00
  -12.00  128.00 -166.00
   41.00  137.00 -172.00
   13.00  234.00 -219.00
   39.00  164.00 -159.00
   46.00  140.00 -138.00
   14.00  179.00 -163.00
   29.00  159.00 -150.00
   19.00  149.00 -145.00
   24.00  164.00 -158.00
   32.00  157.00 -159.00
   26.00  149.00 -150.00
   29.00  153.00 -151.00
   32.00  138.00 -189.00
   13.00  167.00 -158.00
   25.00  160.00 -149.00
   26.00  179.00 -186.00
   24.00  132.00 -117.00
  -19.00  206.00 -150.00
    9.00  206.00 -141.00
   -7.00  208.00 -125.00
   15.00  130.00 -100.00
  -12.00  208.00 -128.00
  -24.00  170.00 -156.00
  -10.00  130.00 -146.00
   13.00  189.00 -232.00
   62.00  201.00 -193.00
   -2.00  188.00 -170.00
   24.00  168.00 -151.00
   12.00  166.00 -155.00
   22.00  161.00 -144.00
   17.00  154.00 -136.00
   24.00  160.00 -144.00
   24.00  160.00 -146.00
   17.00  185.00 -163.00
   51.00  152.00 -125.00
   67.00  152.00 -160.00
   35.00  166.00 -152.00
   16.00  167.00 -156.00
   22.00  154.00 -140.00
   12.00  164.00 -149.00
   19.00  158.00 -145.00
   24.00  167.00 -155.00
   24.00  166.00 -156.00
   18.00  169.00 -158.00
   30.00  193.00 -175.00
   20.00  214.00 -195.00
   11.00  159.00 -161.00
   14.00  146.00 -150.00
    4.00  223.00 -197.00
   -7.00  188.00 -175.00
   37.00  229.00 -193.00
   55.00  250.00 -301.00
    2.00  258.00 -381.00
   94.00  103.00 -278.00
  -27.00  104.00 -223.00
  -42.00  263.00 -164.00
   42.00  269.00 -207.00
   56.00  272.00 -418.00
    6.00  389.00 -368.00
    1.00  237.00 -488.00
  -32.00  414.00 -338.00
   42.00  511.00 -450.00
   41.00  490.00 -506.00
   -6.00  338.00 -506.00
   -7.00  428.00 -345.00
   68.00  511.00 -503.00
  -20.00  511.00 -506.00
   73.00  467.00 -506.00
  -41.00  511.00 -506.00
   90.00  511.00 -506.00
   87.00  511.00 -506.00
  -68.00  511.00 -506.00
  131.00  511.00 -506.00
   69.00  511.00 -506.00
  -86.00  511.00 -506.00
   83.00  511.00 -506.00
  211.00  511.00 -506.00
   42.00  511.00 -506.00
  229.00  511.00 -506.00
  -31.00  511.00 -506.00
  196.00  511.00 -506.00
  -56.00  511.00 -506.00
  304.00  511.00 -506.00
  -76.00  511.00 -506.00
  306.00  511.00 -506.00
  -95.00  511.00 -506.00
 -132.00  511.00 -506.00
  134.00  511.00 -506.00
 -304.00  511.00 -506.00
  212.00  511.00 -506.00
 -128.00  511.00 -506.00
   80.00  511.00 -506.00
   35.00  511.00 -506.00
    4.00  511.00 -506.00
  -15.00  511.00 -506.00
   38.00  511.00 -506.00
   24.00  511.00 -506.00
    8.00  511.00 -506.00
   39.00  306.00 -357.00
    1.00  219.00 -253.00
   22.00  299.00 -288.00
   47.00  259.00 -289.00
  -10.00  295.00 -332.00
   25.00  220.00 -188.00
   15.00  216.00 -190.00
  154.00  247.00 -326.00
   74.00  211.00 -202.00
  -22.00  165.00  -49.00
   57.00  174.00  -81.00
   64.00  236.00  -35.00
   69.00  213.00  -11.00
   50.00  224.00   -2.00
   36.00  207.00  -10.00
   27.00  240.00   13.00
  -20.00  250.00  -10.00
  -75.00  254.00  -36.00
 -120.00  211.00  -86.00
 -133.00  140.00  -50.00
 -131.00   90.00  -69.00
 -125.00   71.00 -124.00
 -103.00   66.00 -112.00
  -74.00   41.00 -109.00
 -106.00   59.00 -155.00
  -81.00  101.00 -125.00
   -8.00  117.00 -137.00
  -39.00  127.00 -136.00
  -39.00  161.00 -118.00
  -18.00  246.00  -47.00
   11.00  263.00  -25.00
   50.00  250.00   12.00
   52.00  214.00  -12.00
   90.00  198.00    4.00
  130.00  174.00   11.00
  125.00  189.00   25.00
   95.00  194.00   22.00
   76.00  229.00    5.00
   35.00  184.00    1.00
  -24.00  181.00   -9.00
  -38.00  124.00  -73.00
  -36.00  149.00 -100.00
    1.00  200.00 -145.00
   14.00  235.00 -201.00
   42.00  141.00 -144.00
   40.00  138.00 -140.00
   -5.00  200.00 -217.00
   69.00  173.00 -138.00
  104.00  -38.00 -307.00
  -26.00  129.00 -300.00
   44.00  155.00 -131.00
   48.00  175.00 -168.00
   29.00  156.00 -142.00
   54.00  223.00 -160.00
   37.00  160.00 -156.00
   37.00  108.00 -178.00
   -1.00   77.00 -195.00
    3.00  166.00 -159.00
   64.00  216.00 -184.00
   18.00  182.00 -162.00
   21.00  173.00 -181.00
   38.00  148.00 -128.00
   17.00  175.00 -175.00
   25.00  151.00 -139.00
   32.00  157.00 -139.00
   14.00  177.00 -146.00
   21.00  145.00 -118.00
   20.00  148.00 -123.00
   20.00  173.00 -148.00
    9.00  244.00 -176.00
   14.00  176.00 -112.00
  -30.00  191.00  -43.00
  -83.00   86.00  -65.00
 -111.00   97.00  -18.00
 -199.00   -9.00  -38.00
